acce_x	 acce_y	 acce_z	gyro_x	gyro_y	gyro_z
0.01	0.21	0.97	-11.85	3.47	0.32
0.02	0.21	0.95	-9.11	6.03	0.6
0.02	0.22	0.94	-9.08	6.24	0.21
0.01	0.21	0.94	-9.13	4.66	0.23
0.01	0.21	0.93	-8.61	2.09	0.69
0.02	0.21	0.93	-7.85	0.32	0.96
0.03	0.21	0.95	-6.23	-2.08	0.99
0.02	0.21	0.94	-5.25	-1.77	-0.29
0.02	0.21	0.93	-4.84	-0.81	-0.64
0.03	0.21	0.95	-3.74	0.15	-0.66
0.03	0.21	0.96	-2.35	2.52	-0.4
0.03	0.22	0.94	-1.22	4.9	-0.66
0.01	0.22	0.93	-1.45	4.4	0.41
0.01	0.22	0.92	-0.95	2.58	1.1
0	0.23	0.9	-1.08	1.8	1.63
0.01	0.23	0.9	-1.91	1.63	1.28
0.02	0.24	0.9	-1.3	1.91	0.85
0.02	0.23	0.9	-0.37	3.73	-0.5
0	0.24	0.92	3.36	6.84	-1.3
0	0.23	0.86	6.4	11.79	-2.79
0.01	0.22	0.81	7.47	20.11	-5.1
0.02	0.23	0.74	7.33	30.32	-8.43
0.08	0.18	0.58	3.95	48.98	-16.89
0.1	0.1	0.26	-6.43	69.11	-23.95
-0.05	0	0.1	-14.93	70.31	-22.23
-0.08	-0.03	-0.46	-40.75	61.62	-18.58
-0.12	-0.05	-0.86	-79.5	36.08	-5.15
-0.07	-0.12	-1.1	-128.14	21.54	-3.4
0.08	-0.23	-1.24	-187.42	23.34	-16.43
0.21	-0.36	-1.4	-247.22	41.02	-28.47
0.16	-0.56	-1.45	-306.21	41.11	-47.73
0.18	-0.77	-1.45	-373.82	32.38	-55.51
0.28	-1.02	-1.27	-431.56	17.56	-61.62
0.34	-1.29	-1.04	-481.95	-3.95	-71.5
0.43	-1.57	-0.83	-500.27	-22.5	-87.37
0.47	-1.88	-0.58	-500.27	-22.43	-105.01
0.34	-2.15	-0.11	-500.27	-34.08	-102.96
0.21	-2.35	0.34	-500.27	-31.18	-89.71
0.04	-2.47	0.62	-500.27	-17.95	-69.97
0.05	-2.42	0.62	-500.27	-42.47	-49.74
0.14	-2.54	0.64	-500.27	-71.56	-30.63
0.23	-2.54	0.65	-493.85	-106.02	-8.21
0.45	-2.51	0.71	-483.44	-122.85	-12.23
0.55	-2.48	0.82	-464.96	-117.1	-24.82
0.55	-2.44	0.93	-434.34	-110.79	-37.25
0.46	-2.42	0.9	-403.24	-108.99	-50.81
0.28	-2.37	0.87	-372.47	-112.38	-56.49
0.1	-2.33	0.9	-350.15	-115.1	-51.65
-0.04	-2.31	1.05	-315.31	-118.44	-32.24
-0.08	-2.17	1.07	-294.81	-110.61	-17.47
-0.06	-2.06	1.12	-274.18	-114.24	-1.76
0.02	-1.91	1.14	-246.44	-101.15	10.81
0.12	-1.74	1.08	-218.24	-72.85	15.22
0.13	-1.61	0.96	-196.43	-31.89	15.34
0.13	-1.52	0.87	-178.37	-1.56	13.66
0.11	-1.47	0.82	-161.04	24.67	9.51
0.05	-1.39	0.82	-141.59	36.89	7.94
0.01	-1.33	0.76	-124.53	37.05	6.81
0.06	-1.3	0.78	-98.46	29.51	4.06
0.05	-1.25	0.74	-60.99	11.62	3.11
0.05	-1.2	0.6	-24.78	-5.63	3.1
0.09	-1.17	0.49	5.83	-25.97	6.05
0.15	-1.13	0.38	17.4	-15.91	-1.11
0.13	-1.11	0.23	25.36	-11.82	-1.95
0.15	-1.1	0.04	26.26	0.69	-2.5
0.19	-1.12	0	24.5	15.45	-1.68
0.17	-1.1	-0.06	16.34	37.68	-3.3
0.12	-1.1	-0.09	11.79	39.02	-1.25
0.14	-1.11	-0.1	13.8	28.55	0.31
0.15	-1.09	-0.09	18.6	14.37	-0.79
0.15	-1.1	-0.1	27.51	-1.19	-2.52
0.17	-1.07	-0.15	32.72	-12.32	-4.58
0.18	-1.07	-0.18	30.92	-14.95	-8.49
0.18	-1.05	-0.2	21.27	-4.79	-13.22
0.15	-1.07	-0.22	14.53	4.96	-15.25
0.11	-1.07	-0.24	7.89	9.76	-13.74
0.1	-1.08	-0.23	1.77	10.15	-11.57
0.1	-1.07	-0.2	-1.3	6.27	-8.82
0.13	-1.06	-0.15	0.69	3.37	-8.26
0.15	-1.04	-0.14	3.37	0.09	-9.54
0.17	-1.03	-0.14	6.43	-2.56	-12.32
0.15	-1.03	-0.15	10.55	-3.95	-14.08
0.14	-1.02	-0.17	12.11	-6.85	-14.15
0.13	-1.02	-0.2	10.06	-6.61	-14.06
0.14	-1.03	-0.19	8.02	-2.99	-14.81
0.13	-1.02	-0.2	4.53	2.26	-15.98
0.11	-1.02	-0.19	1.74	7.53	-16.15
0.1	-1.02	-0.2	0.53	10.96	-13.91
0.08	-1.02	-0.18	0	10.4	-9.25
0.09	-1.02	-0.16	4.06	7.24	-5.51
0.11	-1.03	-0.19	9.86	2.24	-4.73
0.12	-1.03	-0.2	16.49	-3.28	-2.17
0.13	-1.01	-0.19	16.82	-2.37	-3.05
0.12	-1.01	-0.24	15.48	-5.21	-2.82
0.14	-1	-0.23	10.08	-2.2	-3.57
0.14	-1.02	-0.24	4.84	2	-5.83
0.13	-1.01	-0.25	0.06	4.08	-6.2
0.13	-1.01	-0.25	-4.82	6.09	-6.24
0.12	-1.01	-0.21	-7.11	5.22	-5.36
0.13	-1.02	-0.18	-6.34	3.04	-5.62
0.16	-1.01	-0.15	-5.02	1.89	-7.07
0.15	-0.99	-0.15	-1.97	-1.01	-6.76
0.17	-0.98	-0.16	-0.32	-1.39	-7.5
0.17	-0.99	-0.16	-0.61	-1.59	-6.96
0.16	-0.98	-0.17	-2.12	-1.59	-6.69
0.18	-0.99	-0.18	-3.5	-0.81	-7.24
0.17	-1.01	-0.18	-5.05	1.21	-8.92
0.15	-1	-0.18	-6.47	3.11	-9.02
0.16	-1.01	-0.16	-6.79	4.05	-8.21
0.16	-1.01	-0.16	-6.03	4.37	-7.69
0.15	-0.99	-0.16	-5.42	4.7	-7.34
0.14	-0.99	-0.16	-2.15	1.97	-5.6
0.14	-0.99	-0.17	0.75	0.26	-5.25
