acce_x	 acce_y	 acce_z	gyro_x	gyro_y	gyro_z
0.14	-0.19	0.93	-6.4	1.01	-0.53
0.15	-0.19	0.94	-3.63	0.69	-2
0.16	-0.18	0.91	-2.7	2.47	-2.79
0.16	-0.18	0.91	-2.5	4.61	-3.89
0.16	-0.17	0.89	-2.2	8.93	-3.57
0.13	-0.18	0.88	-2.92	10.69	-3.37
0.12	-0.17	0.89	-3.33	11.11	-2.89
0.14	-0.16	0.87	-2.63	11.65	-3.37
0.09	-0.18	0.86	-2.15	9.76	-4.41
0.12	-0.16	0.87	-3.68	6.47	-3.34
0.13	-0.16	0.87	-2.75	5.73	-3.79
0.13	-0.16	0.85	-3.36	4.11	-4.23
0.14	-0.17	0.84	-4.4	5.94	-4.47
0.13	-0.16	0.85	-5.53	5.68	-5.02
0.1	-0.17	0.88	-7.39	4.78	-5.16
0.12	-0.18	0.85	-7.66	5.37	-6.72
0.06	-0.18	0.89	-8.37	-0.66	-7.69
0.06	-0.19	0.88	-7.91	-4.17	-8.05
0.01	-0.2	0.89	-8.64	-7.24	-6.37
-0.05	-0.22	0.92	-7.97	-13.59	-4.23
-0.05	-0.22	0.92	-6.98	-14.87	0.52
-0.07	-0.23	0.93	-6.15	-16.08	5.56
-0.15	-0.24	0.92	-6.99	-23.66	10.12
-0.2	-0.27	0.92	-5.28	-31.08	18.82
-0.36	-0.3	0.91	-4.72	-42.24	33.83
-0.39	-0.32	0.94	-7.18	-57.13	49.24
-0.35	-0.3	0.91	-11.53	-45.19	70.6
-0.14	-0.25	0.87	-9.71	-43.08	84.69
-0.02	-0.3	0.88	-12.18	-18.93	94.24
0.09	-0.28	0.94	-12.52	-17.51	96.89
0.22	-0.28	0.95	-8.31	-18.72	92.47
0.34	-0.24	0.94	-4.78	-19.73	85.76
0.52	-0.2	0.95	-2.03	-7.66	77.76
0.59	-0.18	0.9	-1.65	13.1	69.48
0.67	-0.15	0.9	-5.86	27.25	59.48
0.77	-0.16	0.94	-4.7	31.44	43.33
0.82	-0.15	0.98	-0.78	28.21	19.07
0.83	-0.14	1.03	6.24	7.71	-11.53
0.94	-0.13	1.02	13.27	-10.52	-44.23
0.97	-0.12	0.96	19.5	-19.59	-76.87
0.86	-0.14	0.95	24.47	-25.94	-103.24
0.67	-0.16	0.89	27.11	-25.22	-122.02
0.52	-0.15	0.82	22.46	-17.31	-129.57
0.49	-0.16	0.75	16.92	4.67	-130.69
0.41	-0.16	0.72	6.27	32.4	-127.1
0.3	-0.21	0.72	0.58	51.51	-123.48
0	-0.23	0.78	-3.08	57.18	-112.99
-0.25	-0.27	0.82	-1.62	31.69	-101.36
-0.36	-0.23	0.87	2.17	9.95	-82.73
-0.37	-0.24	0.89	5.92	-13.63	-65.98
-0.36	-0.23	0.87	9.51	-21.3	-49.74
-0.37	-0.21	0.83	9.8	-34.29	-15.68
-0.4	-0.23	0.79	1.3	-27.16	-15.21
-0.46	-0.24	0.79	-5.08	-30.26	6.44
-0.59	-0.27	0.81	-7.76	-29.8	33.79
-0.7	-0.28	0.8	-12.47	-25.3	66.84
-0.8	-0.33	0.76	-18.69	-23.27	103.28
-0.68	-0.31	0.77	-28.49	-18.63	138.18
-0.32	-0.31	0.85	-36.72	1.73	163.25
-0.02	-0.28	0.97	-36.69	14.7	172.02
0.25	-0.25	1.01	-32.56	28.15	164.99
0.48	-0.2	1.05	-28.2	29.86	146.44
0.68	-0.16	1.04	-19.76	32.23	122.96
0.83	-0.13	1.02	-13.91	43.85	98.69
0.86	-0.12	0.99	-11.07	49.01	74.61
0.82	-0.11	0.96	-9.19	39.57	48.64
0.86	-0.11	0.97	-8.87	17.11	20.66
0.86	-0.13	1.04	-3.4	-7.97	-13.65
0.98	-0.1	1.09	3.68	-28.35	-48.49
1.16	-0.11	1.13	14.49	-23.65	-81.95
1.01	-0.15	1.12	28.73	-11.8	-111.05
0.74	-0.17	1.03	31.77	-5.01	-130.43
0.61	-0.17	0.9	30.61	14.64	-137.25
0.51	-0.18	0.78	21.16	45.08	-139.07
0.33	-0.2	0.74	13.21	68.81	-134
0.09	-0.24	0.77	8.24	74.05	-126.64
-0.15	-0.28	0.81	12.52	56.26	-118.18
-0.43	-0.29	0.83	15.54	12.6	-106.79
-0.57	-0.28	0.85	19.16	-27.77	-90.05
-0.6	-0.26	0.82	22.29	-56.44	-70.7
-0.66	-0.25	0.78	17.94	-69.6	-46.2
-0.55	-0.25	0.72	14.98	-73.04	-16.52
-0.51	-0.24	0.72	7.65	-63.1	-13.04
-0.55	-0.27	0.66	1.13	-50.05	-0.44
-0.69	-0.27	0.66	-9.71	-33.88	20.18
-0.8	-0.31	0.68	-20.17	-17.31	53.39
-0.96	-0.36	0.76	-26.72	-11.83	91.08
-0.91	-0.37	0.81	-31.68	-17.8	129.97
-0.75	-0.39	0.97	-29.94	-28.5	161.13
-0.29	-0.33	1	-24.99	-29.85	178.34
0.25	-0.25	1.1	-23.3	-8.56	180.4
0.79	-0.15	1.13	-20.09	26.11	167.34
1.21	-0.08	1.19	-18.09	55.85	138.98
1.32	-0.05	1.21	-2.81	66.92	97.34
1.38	-0.02	1.12	7.79	43.5	46.61
1.41	-0.03	1.05	16.55	26.18	0.92
1.37	-0.03	0.96	22.26	20.9	-36.92
1.2	-0.04	0.92	18.56	11.53	-65.4
1.1	-0.05	0.92	14.03	8.56	-89.13
1.02	-0.05	0.94	12.4	13.21	-112.96
0.9	-0.07	0.95	13.53	23.92	-131.92
0.69	-0.11	0.92	21.15	26.82	-137.92
0.52	-0.17	0.84	23.89	39.85	-149.24
0.11	-0.25	0.77	23.42	28.29	-151.88
-0.4	-0.31	0.77	25.08	-7.95	-136.47
-0.77	-0.33	0.74	25.28	-60.12	-108.6
-1.06	-0.37	0.78	26.21	-118.38	-74.49
-1.13	-0.34	0.75	24.75	-150.92	-36.12
-1.02	-0.3	0.63	15.85	-151.07	3.31
-1.01	-0.28	0.53	-3.15	-104.98	51.24
-0.99	-0.29	0.4	-28.32	-67.34	96.89
-0.69	-0.29	0.47	-53.01	-16.89	141.69
-0.47	-0.29	0.68	-63.69	19.92	172.82
-0.18	-0.28	0.96	-68.08	23.48	184.9
0.27	-0.25	1.08	-57.25	29.19	183.3
0.63	-0.15	1.18	-55.16	32.98	170.26
1.33	-0.04	1.23	-51.63	50.5	140.37
1.94	0.03	1.39	-39.98	80.46	87.94
2.04	0.02	1.4	-12.7	103.71	22.85
1.7	-0.02	1.24	7.39	80.75	-43.94
1.45	-0.06	1.06	17.68	53.25	-95.79
1.3	-0.08	0.94	20.02	53.86	-130
1.04	-0.11	0.9	16.84	74.82	-146.14
0.65	-0.19	0.87	12.81	81.27	-153.74
0.23	-0.3	0.84	13.25	57.11	-160.17
-0.3	-0.41	0.85	20.03	9.85	-160.75
-0.74	-0.46	0.83	28.46	-48.9	-149.19
-1.13	-0.45	0.74	31.05	-92.41	-115.82
-1.45	-0.41	0.59	22.09	-112.72	-62.96
-1.37	-0.39	0.49	7.4	-119.11	-8.81
-1.07	-0.34	0.43	-17.59	-55.48	47.5
-1.15	-0.39	0.49	-41.07	2.21	100.43
-0.99	-0.41	0.64	-56.58	27.4	145.88
-0.73	-0.4	0.85	-60.17	39.4	177.28
-0.4	-0.38	1.06	-57.22	20.47	186.64
-0.11	-0.35	1.21	-44.14	-6.37	181.66
0.26	-0.26	1.25	-29.34	-25.08	172.63
0.83	-0.16	1.2	-18.38	-19.25	157.25
1.41	-0.04	1.23	-15.56	16.38	130.99
1.79	-0.01	1.28	-6.02	55.31	86.78
1.78	-0.02	1.22	11.51	71.21	27.25
1.52	-0.06	1.17	24.63	49.92	-31.91
1.41	-0.07	1.08	34.84	33.4	-79.63
1.24	-0.1	1	40.2	31.65	-116.21
0.95	-0.15	0.96	41.11	33.39	-140.26
0.58	-0.16	0.86	42.02	28.46	-145.07
0.29	-0.2	0.82	38.92	15.08	-157.02
-0.02	-0.26	0.75	39.3	0.63	-154.52
-0.4	-0.32	0.7	36.4	-23.42	-143.73
-0.71	-0.34	0.69	30.14	-53.76	-122.93
-0.87	-0.35	0.63	19.42	-64.53	-91.77
-1.05	-0.36	0.67	6.69	-66.58	-52.76
-1.16	-0.36	0.73	-5.57	-67.62	-7.76
-1.07	-0.35	0.75	-16.96	-67.89	32.79
-0.98	-0.35	0.71	-28.02	-52.56	69.44
-0.98	-0.36	0.8	-34.05	-60.9	102.56
-0.69	-0.32	0.83	-38.08	-51.63	134.37
-0.35	-0.29	0.99	-36.43	-30.03	158.17
0.04	-0.25	1.06	-29.73	16.18	175.56
0.37	-0.2	1.14	-26.06	53.79	184.5
0.68	-0.17	1.15	-24.2	83.53	181.15
0.96	-0.12	1.16	-21.71	84.15	159.92
1.4	-0.08	1.21	-14.49	64.53	116.24
1.72	-0.07	1.27	3.07	43.44	52.5
1.69	-0.06	1.21	24.75	15.33	-18.56
1.46	-0.09	1.09	39.82	-17.34	-79.42
1.29	-0.09	0.94	43.69	-23.83	-121.39
1.1	-0.09	0.83	36.03	6.34	-143.13
0.87	-0.11	0.77	23.18	49.56	-150.82
0.53	-0.17	0.79	14.14	81.88	-150.14
0.21	-0.22	0.82	11.92	94.11	-144.14
-0.08	-0.26	0.85	17.44	86.14	-133.94
-0.34	-0.28	0.85	21.91	56.82	-117.79
-0.5	-0.28	0.86	28.56	21.5	-97.33
-0.51	-0.28	0.83	36	-8.69	-75.53
-0.47	-0.23	0.75	35.13	-30.08	-59.22
-0.4	-0.18	0.68	29.48	-34.4	-43.6
-0.36	-0.14	0.61	17.85	-33.27	-29.71
-0.36	-0.13	0.58	7.01	-29.22	-17.82
-0.46	-0.14	0.57	-4.41	-29.62	-3.05
-0.69	-0.16	0.62	-16.06	-44.4	16.09
-0.83	-0.2	0.71	-20.03	-54.46	44.89
-0.96	-0.22	0.76	-22.06	-61.85	80.52
-0.84	-0.24	0.73	-27.73	-52.9	120.98
-0.53	-0.24	0.72	-37.5	-30.78	155.59
-0.2	-0.22	0.82	-47.18	0.84	177.37
0.08	-0.2	0.96	-51.25	19.48	182.85
0.29	-0.2	1.05	-47.25	19.33	170.79
0.45	-0.18	1.11	-41.76	14.35	152.31
0.67	-0.15	1.08	-34.29	17.95	131.91
0.78	-0.14	1.12	-28.53	29.18	111.91
0.82	-0.13	1.11	-19.91	35.73	92.06
0.85	-0.11	1.07	-13.44	32.67	68.78
0.86	-0.09	1.05	-7.77	16.79	41.31
0.99	-0.08	1.05	-1.94	-1.82	10.82
1.05	-0.08	1.06	5.31	-7.51	-21.08
1.02	-0.09	1.04	9.65	-18.49	-52.61
0.99	-0.1	1	16	-24.27	-81.82
0.96	-0.12	0.94	19.42	-15.95	-106.08
0.92	-0.13	0.85	17.47	5.66	-125.66
0.78	-0.15	0.84	15.18	31.4	-141.45
0.62	-0.17	0.82	12.5	58.67	-150.47
0.38	-0.19	0.72	9.22	78.21	-151.13
0.03	-0.21	0.73	6.47	70.46	-144.95
-0.29	-0.24	0.74	7.85	38.24	-133.86
-0.49	-0.25	0.76	10.99	-10.7	-121.95
-0.53	-0.25	0.72	10.96	-45.18	-109.21
-0.58	-0.23	0.74	4.44	-61.88	-92.26
-0.57	-0.22	0.75	-2.58	-58.02	-70.89
-0.61	-0.23	0.77	-11.33	-40.05	-46.9
-0.72	-0.25	0.8	-17.88	-29.04	-22.35
-0.85	-0.27	0.82	-21.36	-26.61	1.19
-0.93	-0.28	0.81	-24.63	-31.91	26.96
-0.88	-0.29	0.77	-28.56	-31.66	54.03
-0.77	-0.28	0.74	-37.36	-20.05	82.06
-0.61	-0.29	0.69	-48.05	-0.89	109.05
-0.51	-0.3	0.78	-58.03	10.73	131.95
-0.35	-0.31	0.84	-61.83	4.66	145.19
-0.19	-0.33	0.96	-61.1	-10.46	150.64
0.01	-0.31	1.08	-54.79	-28.53	148.98
0.23	-0.27	1.16	-48.52	-32.89	144.47
0.53	-0.25	1.26	-41.28	-28.03	134.98
0.83	-0.21	1.28	-30.23	-2.31	119.11
1.02	-0.15	1.3	-20.08	23.71	97.08
1.19	-0.13	1.25	-5.85	46.96	68.96
1.23	-0.09	1.15	5.15	62.55	36.23
1.14	-0.09	1.04	11.83	63.76	11.76
1.03	-0.1	0.98	16.32	54.52	-13.05
0.98	-0.1	0.95	18.56	42.75	-36.05
1.05	-0.09	0.91	20.72	40.63	-58.56
0.93	-0.11	0.91	22.14	35.07	-81.27
0.8	-0.13	0.91	25.33	26.63	-101.16
0.74	-0.14	0.89	28.17	20.31	-117.11
0.7	-0.15	0.88	30.79	23.47	-130.5
0.58	-0.17	0.84	32.21	31.57	-141.07
0.4	-0.2	0.81	32.95	39.24	-148.17
0.22	-0.23	0.81	33.94	40.55	-150.32
-0.02	-0.25	0.78	31.74	30.58	-149.04
-0.23	-0.26	0.74	27.63	13.74	-141.45
-0.53	-0.28	0.77	22.73	-13.92	-128.82
-0.67	-0.29	0.83	22.87	-42.69	-111.6
-0.75	-0.28	0.84	21.89	-58.89	-88.89
-0.8	-0.27	0.82	16.05	-60.78	-63.19
-0.83	-0.25	0.81	8.96	-59.57	-37.18
-0.8	-0.24	0.79	2.12	-50.35	-10.95
-0.79	-0.22	0.74	-8.75	-29.88	19.18
-0.9	-0.25	0.76	-17.62	-20.69	50.58
-0.94	-0.28	0.78	-21.65	-23.95	82.98
-0.85	-0.29	0.74	-28.55	-22.11	115.95
-0.72	-0.3	0.72	-36.87	-21.33	145.66
-0.45	-0.3	0.8	-43.63	-17.02	170.84
-0.16	-0.29	0.84	-49.62	-8.53	183.48
0.11	-0.29	0.95	-51.02	-11.66	189.65
0.47	-0.25	1.07	-51.01	-6.78	179.95
0.86	-0.18	1.21	-46.92	2.37	157.36
1.23	-0.12	1.29	-34.43	14.18	121.71
1.42	-0.09	1.33	-15.76	16.82	74.9
1.47	-0.07	1.27	2.87	11.42	23.65
1.33	-0.07	1.15	16.35	-2.37	-24.2
1.22	-0.08	1.07	24.81	-7.28	-60.05
1.08	-0.1	0.98	28.82	4.6	-84.84
1	-0.09	0.9	25.18	19.48	-105.01
0.98	-0.12	0.87	21.47	43.77	-124.2
0.82	-0.17	0.88	21.54	65.5	-140.2
0.54	-0.21	0.85	23.31	76.84	-150.26
0.23	-0.25	0.85	26.73	72.2	-150.98
-0.09	-0.28	0.81	31.8	57.47	-140.31
-0.41	-0.29	0.78	35.94	21.1	-125.22
-0.52	-0.28	0.74	38.46	-19.69	-109.51
-0.61	-0.27	0.67	39.59	-52.38	-95.34
-0.64	-0.24	0.59	30.26	-69.22	-75.3
-0.73	-0.25	0.52	15.92	-64.93	-46.89
-0.89	-0.24	0.57	-0.09	-57.68	-13.34
-0.82	-0.24	0.59	-15.13	-41.91	18.7
-0.91	-0.26	0.66	-28.2	-14.12	57.94
-0.97	-0.28	0.73	-38.08	-8.58	94.93
-0.84	-0.29	0.76	-46.29	-3.73	129.53
-0.61	-0.28	0.84	-52.26	5.97	158.69
-0.36	-0.28	0.87	-53.85	7.3	177.82
-0.1	-0.29	0.98	-50.87	1.39	185.86
0.22	-0.27	0.99	-47.37	-6.03	181.88
0.47	-0.25	1.05	-46.12	-2.34	171.66
0.64	-0.2	1.17	-41.16	1.83	156.81
0.91	-0.15	1.21	-32.56	5.94	134.98
1.34	-0.06	1.25	-24.95	15.92	100.26
1.61	-0.03	1.3	-10.31	31.27	51.16
1.62	-0.04	1.32	8.02	16.32	-10.43
1.4	-0.13	1.26	32.09	-8.98	-74.4
1.08	-0.13	1.12	49.42	-36.72	-123.71
0.96	-0.1	0.88	46.24	-28.35	-149.71
0.89	-0.11	0.8	36.73	23.94	-156.67
0.71	-0.15	0.74	24.05	87.62	-152.17
0.33	-0.22	0.82	18.2	124.18	-141.86
-0.1	-0.29	0.91	23.71	109.11	-133.5
-0.43	-0.32	0.92	34.75	59.4	-124.46
-0.7	-0.31	0.88	44.75	-3.57	-112.55
-0.85	-0.27	0.81	49.19	-59.22	-93.8
-0.95	-0.24	0.64	43.05	-90.11	-64.7
-1.08	-0.21	0.53	24.92	-89.34	-25.25
-1.16	-0.2	0.54	2.21	-66.93	20.18
-1.14	-0.24	0.5	-15.6	-22.78	75.76
-1.1	-0.24	0.47	-42.38	29.79	138.38
-1.04	-0.3	0.54	-65.25	51.97	190.93
-0.84	-0.34	0.82	-75.47	52.95	230.03
-0.47	-0.36	1.06	-72	14.12	241.79
0.09	-0.35	1.11	-56.6	-28.47	232.26
0.56	-0.27	1.12	-41.45	-67.97	196.31
0.99	-0.19	1.09	-29.08	-85.01	152.14
1.31	-0.1	1.05	-20.11	-75.15	105.45
1.41	-0.08	1.01	-13.63	-45.42	62.61
1.42	-0.05	1.03	-11.51	-9.85	23.74
1.43	-0.05	1.1	-10.18	23.8	-14.17
1.4	-0.07	1.2	0.84	41.22	-54.23
1.22	-0.12	1.2	16.27	33.05	-100.79
1.09	-0.15	1.15	31.98	14.43	-148.53
1.01	-0.16	1.01	37.16	10.43	-188.55
0.96	-0.16	0.85	33.19	42.92	-212.61
0.85	-0.18	0.72	23.27	98.78	-223.45
0.56	-0.26	0.65	13.47	154.72	-219.73
-0.09	-0.36	0.68	9.5	163.65	-204.27
-0.73	-0.4	0.75	10.63	109.1	-180.87
-1.11	-0.4	0.8	18.75	23.95	-145.36
-1.39	-0.34	0.86	23.71	-58.61	-102.98
-1.41	-0.29	0.78	26.81	-120.56	-60.61
-1.23	-0.22	0.64	16.9	-139.89	-16.98
-0.93	-0.18	0.51	-2.06	-118.26	25.07
-0.76	-0.18	0.48	-23.33	-60.27	65.77
-0.82	-0.21	0.54	-40.78	-11.74	103.95
-0.79	-0.25	0.61	-55.16	21.6	143.57
-0.88	-0.3	0.79	-59.42	28.52	180.78
-0.73	-0.33	0.91	-56.34	4.6	210.85
-0.24	-0.32	0.98	-52.82	-21.3	223.62
0.18	-0.28	1.04	-48.17	-60.95	213.31
0.66	-0.24	1.06	-37.01	-86.98	185.69
1.07	-0.17	1.03	-25.07	-92.87	145.68
1.35	-0.1	0.97	-19.22	-70.03	102.66
1.56	-0.05	0.99	-19.65	-29.33	58.12
1.72	-0.05	1.11	-14.49	26.93	11.01
1.65	-0.06	1.24	-2.27	69.1	-41.13
1.61	-0.11	1.25	12.52	90.37	-96.09
1.44	-0.19	1.21	34.82	110.98	-152.32
1.22	-0.2	1.07	48	132.18	-198.23
1.1	-0.21	0.9	46.46	158.52	-229.56
0.86	-0.28	0.74	44.64	193.13	-253.42
0.48	-0.37	0.66	40.41	209.42	-259.65
-0.09	-0.43	0.58	38.67	191.15	-258.31
-0.51	-0.47	0.51	38.53	140.66	-243.13
-1.06	-0.45	0.58	36.24	69.16	-212.53
-1.45	-0.41	0.7	34.17	-12.76	-166.9
-1.77	-0.34	0.72	31.05	-67.92	-104.89
-1.83	-0.27	0.71	18.27	-101.22	-32.46
-1.65	-0.23	0.66	3.91	-110.32	42.23
-1.36	-0.24	0.6	-14.56	-96.55	111.31
-1.07	-0.24	0.56	-32.5	-82.14	164.95
-0.84	-0.29	0.54	-44.27	-90.66	194.95
-0.6	-0.34	0.62	-50.26	-116.66	207.71
-0.29	-0.37	0.68	-50.58	-111.56	216.95
-0.16	-0.38	0.92	-51.18	-96.14	231.24
0.15	-0.35	1.02	-47.88	-63.71	247.13
0.49	-0.3	1.11	-45.24	-40.66	244.5
0.83	-0.23	1.1	-39.44	-50.35	218.53
1.21	-0.16	1.05	-27.71	-85.74	162.26
1.49	-0.12	1.04	-11.71	-111.22	86.9
1.77	-0.03	1.07	0.58	-94.7	7.05
1.99	0	1.08	8.09	-16.69	-58.43
1.81	-0.02	1.12	10.76	86.09	-106.82
1.49	-0.12	1.2	17.27	168.95	-146.24
1.11	-0.24	1.18	31.8	206.78	-181.28
0.7	-0.32	1.09	45.19	200.52	-212.21
0.33	-0.36	0.98	54.37	185.05	-223.65
-0.22	-0.38	0.88	60.99	152.37	-211.42
-0.58	-0.34	0.76	61.88	108.03	-182.26
-0.85	-0.32	0.64	55.63	54.96	-146.29
-1.33	-0.32	0.58	45.28	-2.06	-100.27
-1.69	-0.28	0.56	37.34	-74.2	-45.1
-1.57	-0.24	0.44	19.68	-96.2	20.7
-1.32	-0.19	0.3	-9.27	-86.7	85.34
-1.04	-0.19	0.35	-36.03	-75.13	136.84
-0.69	-0.22	0.4	-57.15	-66.29	167.8
-0.4	-0.25	0.46	-70.26	-62.95	178.73
-0.18	-0.28	0.62	-74.84	-80.14	177.08
0.15	-0.26	0.67	-76.69	-81.44	171.88
0.46	-0.23	0.76	-84.03	-67.11	162.61
0.66	-0.21	0.9	-87.22	-58.03	145.79
0.96	-0.19	1.03	-84.96	-59.57	114
1.25	-0.16	1.16	-76.11	-54.93	67.57
1.41	-0.15	1.3	-61.34	-35.97	14.47
1.53	-0.1	1.36	-45.53	3.59	-34.49
1.57	-0.11	1.4	-30.73	49.47	-77.56
1.38	-0.16	1.34	-9.34	87.88	-125.44
1.07	-0.23	1.23	4.93	103.77	-171.8
0.85	-0.26	1.03	12.23	131.51	-200.72
0.5	-0.31	0.85	9.39	167.11	-207.19
-0.05	-0.35	0.76	3.54	182.05	-191.1
-0.67	-0.41	0.72	0.17	145.33	-162.92
-1.2	-0.38	0.72	2.44	69.36	-120.87
-1.53	-0.36	0.67	0.89	-27.28	-80.53
-1.47	-0.3	0.54	-8.85	-90.44	-31.18
-1.18	-0.26	0.43	-28.79	-95.82	24.5
-1.07	-0.26	0.46	-52.93	-72.41	78.99
-0.81	-0.28	0.5	-71.94	-55.02	121.08
-0.55	-0.29	0.65	-88.18	-44.84	150.24
-0.2	-0.31	0.7	-92.7	-35.77	161.53
-0.1	-0.38	0.94	-86.06	-71.25	150.81
0.14	-0.37	1.02	-72.6	-84.31	137.42
0.38	-0.32	1.09	-61.21	-88.96	122.61
0.67	-0.22	1.05	-60.46	-62.02	112.35
1.07	-0.15	1.07	-55.05	-24.5	93.05
1.11	-0.19	1.21	-37.94	-13.21	54.32
1.06	-0.2	1.23	-24.17	-21.82	7.08
1.23	-0.18	1.2	-6.72	-13.25	-40.56
1.13	-0.18	1.14	3.71	19.66	-75.85
0.91	-0.24	1.1	12.26	43.5	-101.71
0.62	-0.28	1.03	20	62.63	-116.26
0.29	-0.32	0.9	22.58	61.19	-119.91
-0.12	-0.35	0.84	21.69	47.63	-110.37
-0.58	-0.38	0.82	22	12.95	-88.31
-1.02	-0.39	0.8	21.21	-34.64	-55.33
-1.18	-0.36	0.72	17.39	-73.47	-12.63
-1.08	-0.35	0.66	8.32	-82.72	36.26
-0.9	-0.35	0.57	-4.64	-72.7	77.33
-0.68	-0.35	0.62	-16.84	-67.39	104.85
-0.4	-0.34	0.69	-25.15	-52.41	121.71
-0.18	-0.35	0.72	-31.63	-49.76	128.12
0.07	-0.33	0.76	-39.59	-48.81	126.9
0.41	-0.32	0.81	-45.53	-44.4	116.38
0.71	-0.31	1.01	-45.73	-34.35	92.26
1.22	-0.28	1.21	-34.72	-10.72	54.41
1.49	-0.25	1.31	-13.07	28.98	3.66
1.39	-0.25	1.32	10.6	52.79	-51.94
1.27	-0.24	1.21	25.77	78.21	-95.77
1.09	-0.24	1.05	32.47	111.36	-123.77
0.78	-0.27	0.97	35.63	127.94	-135.85
0.4	-0.31	0.9	37.07	120.85	-140.02
0.05	-0.34	0.9	43.54	83.62	-138.76
-0.25	-0.34	0.83	47.59	43.01	-125.53
-0.71	-0.32	0.73	45.54	-6.18	-100.5
-1.07	-0.28	0.68	43.21	-57.07	-65.13
-1.12	-0.16	0.5	34.76	-73.77	-20.55
-1.1	-0.07	0.34	13.34	-58.37	29.05
-1	-0.12	0.27	-12.27	-36.34	78.37
-0.93	-0.19	0.41	-43.44	-24.14	122.49
-0.67	-0.28	0.56	-64.37	-33.77	153.27
-0.36	-0.33	0.7	-74.6	-53.45	167.47
-0.04	-0.39	0.87	-72.49	-84.15	163.94
0.35	-0.39	1.04	-60.03	-97.11	150.17
0.82	-0.36	1.13	-45.88	-92.21	121.13
1.47	-0.25	1.23	-40.03	-58.49	83.05
1.87	-0.23	1.36	-21.33	1.31	25.6
1.9	-0.24	1.41	2.61	52.23	-43.69
1.79	-0.25	1.26	20.89	102.15	-104.2
1.5	-0.29	1.07	28	147.8	-147.3
1.11	-0.36	0.93	34.69	174.98	-172.82
0.5	-0.43	0.81	38.21	160.18	-183.15
-0.24	-0.47	0.77	42.27	97.5	-171.65
-0.67	-0.44	0.72	45.56	6.96	-155.85
-0.87	-0.43	0.65	44.12	-64.89	-129.04
-1.01	-0.4	0.66	37.56	-101.19	-98.17
-1	-0.37	0.57	27.05	-91.71	-53.85
-0.93	-0.33	0.45	6.14	-47.02	-1.02
-0.87	-0.32	0.37	-19.89	-3.82	49.31
-0.95	-0.35	0.42	-42.66	3.88	88.11
-0.89	-0.39	0.49	-57.25	-27.21	113.25
-0.72	-0.42	0.59	-67.34	-62.49	132.49
-0.47	-0.44	0.75	-71.31	-83.88	149.91
-0.09	-0.44	0.84	-70.6	-77.16	166.14
0.29	-0.43	0.96	-66.99	-57.97	172.6
0.68	-0.41	1.05	-60.93	-42.95	160.32
1.08	-0.35	1.09	-50.47	-32.99	125.62
1.41	-0.28	1.12	-36.56	-23.5	71.89
1.52	-0.26	1.14	-18.93	-10.61	9.08
1.46	-0.26	1.07	-2.38	11.56	-48.6
1.26	-0.26	0.93	5.63	47.3	-88.46
0.87	-0.29	0.85	7.8	81.18	-104.12
0.24	-0.34	0.84	8.75	81.74	-100.32
-0.34	-0.34	0.8	11.42	41.76	-89.11
-0.7	-0.32	0.78	13.92	-12.53	-72.2
-0.75	-0.22	0.66	9.33	-40.93	-42.03
-0.59	-0.14	0.56	-11.04	-28.08	-1.45
-0.42	-0.15	0.63	-31.62	-1.8	32.26
-0.32	-0.22	0.81	-40.31	15.79	51.33
-0.18	-0.27	0.89	-40	14.9	57.16
-0.01	-0.29	0.94	-37.25	7.74	55.16
0.16	-0.31	1.01	-31.13	2.47	47.15
0.28	-0.33	1.04	-19.8	0.24	34.66
0.4	-0.32	1.01	-11.51	5.6	20.14
0.5	-0.3	0.95	-6.78	26.24	7.5
0.42	-0.33	0.93	-2.43	41.71	-3.79
0.26	-0.34	0.86	0.34	44.49	-12.18
0.17	-0.33	0.8	-1.18	42	-14.52
0.01	-0.33	0.75	-4.38	33.33	-10.29
-0.01	-0.32	0.74	-10.23	21.42	-0.98
-0.02	-0.33	0.77	-15.22	11.56	8.69
0.06	-0.34	0.82	-20.29	1.42	14.5
0.18	-0.35	0.9	-20.96	-3.65	14.08
0.26	-0.35	0.94	-18.23	-2.09	9.08
0.31	-0.35	0.95	-15.56	5.01	3.42
0.28	-0.34	0.93	-12.9	11.5	-2.41
0.23	-0.33	0.91	-11.36	11.98	-7.79
0.19	-0.32	0.9	-9.36	8.12	-11.94
0.11	-0.32	0.89	-7.82	3.25	-14.23
0.07	-0.32	0.9	-8.02	-0.14	-12.92
0.06	-0.31	0.91	-6.78	3.42	-9.77
0.03	-0.32	0.91	-5.69	4.17	-6.93
0	-0.32	0.91	-4.4	1.01	-5.02
0	-0.32	0.89	-3.18	-2.64	-3.18
0.02	-0.32	0.89	-2.67	-4.98	-1.97
0.04	-0.33	0.87	-1.88	-3.22	-1.08
0.06	-0.32	0.85	-2.61	-0.24	-0.37
0.1	-0.32	0.85	-3.01	6.52	-0.21
0.06	-0.32	0.86	-2.75	7.15	-1.31
0.05	-0.33	0.85	-2.46	6.09	-1.69
0.03	-0.32	0.86	-3.24	4.99	-1.6
0.03	-0.33	0.89	-3.47	2.52	-0.11
0.05	-0.32	0.87	-3.77	5.97	3.19
0.03	-0.33	0.87	-4.32	2.66	4.92
0.07	-0.34	0.88	-3.16	-0.09	4.84
0.05	-0.34	0.87	-0.92	-3.56	3.76
0.09	-0.33	0.84	-0.87	-5.85	2.96
0.09	-0.33	0.82	-2.08	-3.3	3.47
