acce_x	 acce_y	 acce_z	gyro_x	gyro_y	gyro_z
0.08	-0.14	0.92	-5.1	4.63	-1.89
0.04	-0.14	0.91	-4.11	2.69	-3.07
0.05	-0.15	0.9	-4.85	-0.41	-3.31
0.07	-0.15	0.9	-4.02	-2.23	-3.47
0.08	-0.14	0.9	-4.24	0.15	-3.24
0.06	-0.15	0.91	-4.79	1.97	-3.21
0.05	-0.15	0.91	-4.05	2.31	-2.87
0.06	-0.14	0.9	-4.6	3.79	-2.55
0.04	-0.14	0.89	-4.99	2.43	-2.72
0.05	-0.15	0.88	-5.36	1.68	-2.44
0.04	-0.14	0.9	-6.15	0.5	-2.24
0.05	-0.15	0.91	-5.33	-1.18	-1.97
0.06	-0.14	0.91	-4.84	1.37	-2.35
0.05	-0.14	0.89	-5.39	1.25	-2.12
0.06	-0.14	0.89	-5.4	2.26	-1.76
0.05	-0.14	0.9	-5.59	0.78	-1.8
0.06	-0.14	0.89	-5.98	0.35	-2.02
0.04	-0.14	0.9	-5.91	-0.98	-2.08
0.05	-0.14	0.89	-6.41	0.15	-2.31
0.05	-0.14	0.89	-7.1	0.76	-1.8
0.06	-0.14	0.9	-7.05	0.78	-1.74
0.06	-0.14	0.92	-5.8	1.37	-1.68
0.06	-0.14	0.92	-5.51	-0.87	-1.85
0.05	-0.14	0.92	-4.32	-2.47	-2.5
0.05	-0.14	0.91	-4.31	-4.38	-2.93
0.05	-0.14	0.89	-4.06	-3.54	-3.3
0.03	-0.14	0.89	-5.42	-2.92	-2.64
0.02	-0.15	0.89	-5.1	-3.53	-2.03
0.01	-0.16	0.89	-4.21	-4.49	-0.81
-0.05	-0.17	0.91	-3.91	-8.81	1.45
-0.11	-0.18	0.92	-1.27	-16.66	6.29
-0.15	-0.18	0.93	0.46	-30.02	11.24
-0.16	-0.18	0.92	1.66	-43.11	18.09
-0.25	-0.21	0.9	4.26	-57.16	26.85
-0.33	-0.22	0.88	5.15	-71.21	37.44
-0.2	-0.21	0.86	1.68	-66.02	47.65
0	-0.18	0.7	-2.82	-44.02	58.02
-0.07	-0.19	0.84	-4.9	-28.4	67.21
-0.12	-0.21	0.83	-7.53	-17.5	78.05
-0.07	-0.2	0.87	-9.65	-17.18	86.72
0.01	-0.21	0.89	-8.95	-21.56	91.45
0.09	-0.19	0.89	-7.24	-28.5	91.11
0.27	-0.18	0.92	-8.4	-25.02	84.76
0.48	-0.14	0.97	-6.43	-15.66	75.95
0.6	-0.14	1	-3.5	-2.18	59.31
0.6	-0.13	1	1.21	4.64	41.45
0.57	-0.12	0.97	5.45	2.38	23.25
0.5	-0.11	0.95	7.51	-8.58	6.5
0.59	-0.09	0.94	6.92	-12.34	-8.99
0.65	-0.08	0.94	6.64	-12.35	-28.26
0.7	-0.07	0.95	4.49	-9.22	-46.78
0.69	-0.1	0.97	8.61	-9.56	-65.83
0.58	-0.1	0.97	13.39	-14.82	-83.08
0.49	-0.1	0.94	18.64	-15.47	-95.25
0.57	-0.07	0.88	15.83	-0.2	-101.66
0.56	-0.09	0.87	11.76	32.18	-107.08
0.46	-0.12	0.84	10.66	54.43	-110.53
0.26	-0.14	0.84	9.25	52.67	-112.73
0.08	-0.17	0.86	10.76	37.36	-110.75
-0.13	-0.18	0.91	13.86	10.6	-104.14
-0.24	-0.19	0.91	17.16	-10.6	-92.29
-0.38	-0.18	0.92	19.01	-34.27	-75.3
-0.46	-0.2	0.92	22.18	-50.85	-54.95
-0.58	-0.2	0.87	21.25	-54.66	-29.25
-0.64	-0.2	0.83	16.06	-55.97	0.4
-0.69	-0.21	0.78	5.21	-36.69	35.56
-0.72	-0.24	0.76	-1.45	-32.14	67.48
-0.48	-0.2	0.71	-13.16	-0.92	99.88
-0.59	-0.24	0.73	-23.53	11.86	127.74
-0.55	-0.25	0.8	-30.02	6.82	151.79
-0.38	-0.26	0.91	-28.58	-6.6	169.44
-0.01	-0.24	0.94	-24.17	4.56	178.44
0.29	-0.2	1.01	-25.36	22.64	177.63
0.57	-0.16	1.06	-23.25	45.88	163.71
0.95	-0.09	1.13	-20.67	62.4	133.15
1.18	-0.03	1.19	-15.88	67.77	91.34
1.17	-0.04	1.16	2.18	50.82	39.73
1.05	-0.02	1.09	14.47	3.33	-12.69
1.19	0.01	1.1	21.28	-24.75	-57.07
0.99	-0.01	1.03	36.23	-34.93	-93.97
0.77	-0.02	0.92	34.92	-49.47	-116.27
0.74	-0.04	0.87	25.45	-29.25	-127.71
0.63	-0.06	0.86	18.17	-0.99	-136.67
0.53	-0.1	0.86	10.67	40.4	-140.87
0.35	-0.13	0.85	7.98	71.82	-141.25
0.11	-0.15	0.81	7.25	86.41	-137.1
-0.2	-0.2	0.77	6.52	73.24	-126.93
-0.56	-0.22	0.77	10	33.89	-100.44
-0.86	-0.21	0.78	8.47	-21.42	-80.52
-1.01	-0.23	0.7	8.09	-66.56	-45.95
-1.04	-0.21	0.68	-0.72	-95.21	-4.15
-0.81	-0.22	0.62	-10.15	-81.34	36.46
-0.81	-0.22	0.57	-23.28	-54.24	75.25
-0.71	-0.22	0.58	-38.2	-39.37	109.04
-0.54	-0.24	0.71	-46.18	-17.44	134.11
-0.32	-0.25	0.83	-44.4	-2.96	151.86
-0.2	-0.23	0.91	-45.54	7.56	163.34
0.06	-0.22	0.98	-44.84	5.56	166.18
0.49	-0.18	1.1	-41.16	14.81	153.71
0.99	-0.09	1.16	-37.88	30.56	121.04
1.34	-0.04	1.08	-28.93	45.18	68.93
1.21	-0.02	0.97	-22.12	39.56	15.4
1.28	0.01	1	-16.82	33.47	-28.02
1.17	-0.01	1.02	-4.98	45.02	-65.48
0.9	-0.04	1.1	1.36	69.27	-83.3
0.74	-0.07	1.2	9.68	72.75	-90.15
0.68	-0.15	1.64	23.86	58.7	-95.71
0.64	-0.23	1.02	38.37	66.17	-113.95
0.16	-0.17	1.09	31.95	10.85	-122.14
0.3	-0.2	0.94	28.72	-26.43	-126.82
0.21	-0.2	0.89	30.67	-26.72	-127.89
0	-0.21	0.82	20.96	-35.48	-123.28
-0.16	-0.22	0.72	15.76	-33.16	-113.15
-0.48	-0.22	0.69	8.11	-38.9	-96.05
-0.7	-0.26	0.66	6.32	-56.26	-70.64
-0.8	-0.27	0.62	0.78	-69.18	-37.6
-0.96	-0.32	0.62	-7.11	-75.95	-6.84
-0.99	-0.35	0.69	-13.68	-83.28	29.63
-0.89	-0.37	0.71	-18.46	-75.54	64.15
-0.78	-0.35	0.72	-28.24	-66.21	96.15
-0.62	-0.3	0.8	-36.05	-46.47	125.74
-0.39	-0.25	0.88	-34.64	-27.68	151.02
0.18	-0.18	0.98	-36.7	1.25	161.94
0.64	-0.13	1.03	-39.1	34.85	152.27
0.94	-0.08	1.14	-34.27	44.78	125.73
1.08	-0.07	1.15	-21.08	28.67	85.95
1.33	-0.02	1.17	-13.74	10.84	42.06
1.42	-0.01	1.13	-3.69	9.82	-1.88
1.33	0.01	1.14	1.62	12.6	-37.8
1.31	0.01	1.14	3.18	23.01	-68.79
1.23	-0.03	1.16	9.77	39.8	-98.47
1	-0.07	1.09	16.56	51.53	-121.92
0.65	-0.11	1.04	19.94	50.44	-136.23
0.23	-0.17	1.01	28.09	30.35	-137.16
-0.04	-0.21	0.92	37.01	0.18	-129.36
-0.35	-0.24	0.79	40.5	-24.46	-111.98
-0.76	-0.27	0.73	39.16	-56.92	-83.02
-0.99	-0.28	0.65	35.89	-76.9	-43.48
-1.02	-0.26	0.59	25.51	-81.76	-1.28
-0.94	-0.26	0.47	11.16	-58.06	39.3
-0.88	-0.23	0.47	-8.41	-36.09	76.63
-0.71	-0.21	0.48	-28.41	-4.98	109.48
-0.71	-0.23	0.61	-39.66	5.37	137.91
-0.56	-0.21	0.71	-44.98	0.75	161.39
-0.26	-0.23	0.87	-42.5	-1.3	178.32
0.15	-0.21	0.95	-37.37	20.81	186.26
0.55	-0.16	1.03	-39.77	50.46	183.08
1.1	-0.07	1.18	-43.53	82.95	160.76
1.52	0	1.37	-36.84	106.72	112.66
1.52	0	1.49	-13.63	88.26	49.13
1.39	-0.01	1.4	14.31	44.23	-18.55
1.31	0	1.26	32.34	2.9	-77.36
1.15	-0.01	1.1	42.49	-9.01	-120.85
0.95	-0.02	0.93	37.83	14.52	-143.47
0.66	-0.07	0.86	25.4	47.04	-152.4
0.38	-0.14	0.85	18.98	82.53	-152.2
-0.04	-0.22	0.89	20.52	88.47	-144.84
-0.44	-0.26	0.9	28.02	63.5	-127.89
-0.75	-0.28	0.85	35.88	16.29	-106.03
-0.9	-0.3	0.71	40.92	-35.62	-83.04
-1.13	-0.28	0.5	35.44	-75.77	-54.67
-1.22	-0.25	0.38	19.97	-101.66	-16.34
-1.06	-0.2	0.25	-1.31	-87.21	27.4
-0.93	-0.17	0.27	-33.45	-41.25	77.07
-0.88	-0.18	0.39	-59.63	1.22	126.7
-0.68	-0.23	0.58	-74.58	24.06	168.76
-0.46	-0.27	0.88	-78.66	25.97	196.24
-0.21	-0.33	1.1	-67.28	7.31	206.75
0.12	-0.33	1.23	-53.79	-15.65	204.79
0.73	-0.23	1.33	-46.63	-15.8	185.85
1.42	-0.11	1.46	-39.05	12.35	144.6
1.81	-0.02	1.53	-21.47	37.16	80.93
1.73	-0.03	1.46	4	46.26	9.24
1.31	-0.05	1.31	24.15	18.66	-48.44
1.08	-0.05	1.17	34.14	-2.89	-86.15
1.02	-0.05	1.01	33.42	20.31	-104.67
0.86	-0.07	1	24.85	53.89	-114.7
0.79	-0.12	1.04	23.24	81.36	-124.26
0.5	-0.19	1.02	30.18	76.61	-137.68
0.09	-0.25	0.98	38.69	33.54	-149.24
-0.17	-0.25	0.88	46.7	-19.19	-150.35
-0.27	-0.21	0.69	42.7	-40.87	-140.46
-0.43	-0.21	0.61	29.73	-41.31	-121.13
-0.64	-0.21	0.56	17.71	-31.6	-94.12
-0.92	-0.21	0.61	7.02	-35.07	-57.8
-0.97	-0.2	0.51	2	-46.14	-20.26
-0.98	-0.16	0.51	-18.21	-56.27	20.92
-0.91	-0.17	0.56	-31.79	-60.38	62.23
-0.75	-0.13	0.61	-44.17	-65.39	101.6
-0.45	-0.17	0.69	-50.32	-67.57	131.83
-0.21	-0.17	0.84	-49.91	-56.64	152.44
0.14	-0.18	0.96	-46.27	-40.21	162.85
0.47	-0.18	1.08	-40.06	-2.93	163.51
0.69	-0.14	1.19	-37.36	26.09	154.52
1.12	-0.06	1.29	-35.5	46.08	128.29
1.4	-0.01	1.42	-24.31	50.18	80.11
1.36	-0.03	1.41	2.53	24.06	18.44
1.22	-0.04	1.24	26.56	-18.31	-41.71
1.2	-0.02	1.12	35.62	-36.63	-88.79
1.16	-0.02	1.01	38.43	-1.69	-118.73
0.92	-0.05	0.95	32.82	39.89	-135.76
0.68	-0.1	0.91	26.84	76.17	-144.5
0.39	-0.16	0.91	27.21	93.19	-149.34
0.07	-0.2	0.87	31.21	82.49	-147.98
-0.21	-0.2	0.84	34.02	50.92	-141.51
-0.47	-0.2	0.77	36.99	9.69	-129.3
-0.66	-0.17	0.68	34.82	-30.61	-110.61
-0.75	-0.16	0.54	28.03	-54.49	-89.91
-0.95	-0.14	0.44	11.19	-67.19	-60.29
-1.08	-0.14	0.4	-9.19	-69.18	-22.03
-1.06	-0.16	0.39	-30.9	-47.6	20.53
-1.06	-0.18	0.46	-51.57	-16	66
-1.02	-0.2	0.54	-68.15	5.04	111.3
-0.85	-0.22	0.62	-82.9	8.84	150.09
-0.65	-0.27	0.77	-90.08	-6.53	176.29
-0.41	-0.31	0.96	-86.31	-39.08	192.21
0.01	-0.32	1.09	-71.88	-50.18	197.65
0.41	-0.29	1.16	-61.91	-41.98	194.09
0.81	-0.24	1.23	-54.96	-18.29	182.69
1.36	-0.17	1.23	-48.29	25.85	150.96
1.66	-0.11	1.35	-38.56	48.78	99.92
1.74	-0.09	1.34	-17.48	64.15	36.95
1.57	-0.11	1.29	4.56	51.34	-27.04
1.39	-0.13	1.2	21.28	34.87	-81.45
1.23	-0.14	1.11	31.01	44.5	-121.39
1.14	-0.15	1.03	32.02	80.5	-148.23
0.91	-0.22	0.95	32.73	115.76	-169.19
0.4	-0.28	0.86	34.85	117.04	-182.46
-0.09	-0.34	0.77	36.9	81.44	-185.05
-0.47	-0.36	0.7	41.98	36.34	-175.45
-0.8	-0.35	0.62	44.67	-7.34	-152.72
-1.13	-0.31	0.42	36.02	-34.03	-114.76
-1.43	-0.25	0.27	15.1	-60.23	-61.44
-1.42	-0.21	0.17	-11.79	-67.98	-3.3
-1.21	-0.17	0.22	-46.72	-52.14	55.24
-1.07	-0.2	0.51	-72.35	-35.01	107.4
-0.82	-0.28	0.7	-81.71	-33.66	143.83
-0.56	-0.31	0.9	-88.56	-46.98	164.81
-0.3	-0.32	1.14	-80.96	-60.4	176.37
0	-0.31	1.26	-70.53	-49.48	183.22
0.38	-0.27	1.31	-57.94	-27.86	183.27
0.79	-0.18	1.34	-50.34	7.71	167.83
1.19	-0.11	1.32	-40.78	23.89	133.51
1.33	-0.08	1.43	-23.62	11.8	81.24
1.44	-0.1	1.41	5.13	-9.39	19.73
1.4	-0.1	1.33	31.44	-23.31	-40.09
1.41	-0.09	1.2	44.58	-5.22	-87.28
1.3	-0.1	1.06	48.95	40.93	-123.15
1.09	-0.15	0.98	48.29	90.78	-150.32
0.68	-0.23	0.92	53.57	118.9	-168.38
0.27	-0.28	0.83	59.02	117.95	-175.4
-0.09	-0.29	0.72	62.9	95.48	-172.99
-0.45	-0.28	0.59	62.08	57.73	-160.64
-0.81	-0.24	0.52	51.88	10.63	-133.77
-1.12	-0.21	0.44	37.44	-48.47	-96.49
-1.21	-0.16	0.41	18.23	-92.43	-55.07
-1.18	-0.16	0.46	-5.04	-104.35	-8.05
-0.98	-0.16	0.59	-26.87	-85.05	40.76
-0.78	-0.18	0.68	-46.79	-28.55	90.02
-0.71	-0.22	0.82	-57.73	9.34	132.06
-0.59	-0.26	0.93	-59.34	22.14	162.02
-0.41	-0.28	1.02	-55.6	3.85	179.89
-0.14	-0.27	1.01	-48.9	-26.06	186.67
0.31	-0.24	1.03	-47.07	-43.74	181.82
0.81	-0.18	1.1	-44.38	-45.3	158.92
1.23	-0.14	1.22	-32.78	-39.07	115.15
1.5	-0.11	1.31	-14.49	-28.99	56.4
1.62	-0.09	1.35	6.03	-17.25	-8.64
1.66	-0.08	1.29	25.42	8.61	-72.63
1.6	-0.09	1.11	36.23	50.85	-131.69
1.35	-0.14	0.96	38.26	101.15	-175.62
0.9	-0.19	0.81	34.03	141.98	-198.12
0.37	-0.25	0.69	28.14	148.61	-203.71
-0.2	-0.28	0.61	22.03	112.52	-195.16
-0.64	-0.32	0.58	18.32	41.6	-177.68
-1.03	-0.33	0.57	16.95	-29.86	-146.09
-1.32	-0.26	0.56	6.24	-84.55	-96.26
-1.29	-0.2	0.52	-14.79	-96.53	-32.67
-1.12	-0.19	0.61	-37.8	-70.63	32.85
-1.01	-0.21	0.66	-55.24	-30.43	92.06
-0.86	-0.25	0.75	-68.63	-26.26	137.3
-0.62	-0.3	0.83	-70.87	-32.29	165.39
-0.36	-0.34	0.89	-66.78	-61.54	177.62
-0.02	-0.33	0.95	-59.19	-80.21	179.21
0.54	-0.28	1.03	-55.83	-83.89	164.64
1.12	-0.2	1.12	-47.63	-61.57	126.26
1.48	-0.13	1.2	-33.18	-30.18	63.6
1.6	-0.11	1.21	-11.71	-7.31	-8.38
1.51	-0.07	1.14	1.95	28.27	-69.73
1.33	-0.08	1.01	6.11	77.97	-111.28
0.94	-0.15	0.94	7.44	106.61	-137.28
0.5	-0.24	0.96	12.21	105.79	-149.37
0.05	-0.29	0.97	22.56	71.86	-150.21
-0.26	-0.28	0.91	27.65	24.08	-140.9
-0.4	-0.27	0.84	28.9	-16.78	-127.68
-0.51	-0.27	0.78	26.32	-33.57	-109.37
-0.69	-0.25	0.71	19.6	-32.56	-79.86
-0.8	-0.26	0.63	9.71	-21.24	-42.76
-0.96	-0.25	0.59	-7.07	-9.19	2.08
-1.05	-0.26	0.61	-17.95	-12.95	50.46
-0.95	-0.22	0.64	-31.02	-19.69	100.08
-0.74	-0.23	0.64	-46.34	-31.47	140.67
-0.42	-0.27	0.76	-52.73	-48.66	167.45
-0.01	-0.3	0.82	-52.67	-59.57	174.69
0.4	-0.29	0.9	-56.95	-67.91	164.15
0.99	-0.25	1.05	-51.98	-63.63	131.13
1.54	-0.16	1.17	-41.25	-39.54	76.6
1.8	-0.11	1.25	-26.56	-8.41	8.99
1.77	-0.12	1.25	-6.95	17.57	-60.31
1.69	-0.1	1.17	3.33	52.31	-117.15
1.44	-0.16	1.07	8.63	85.31	-160.85
1.13	-0.24	1.03	11.25	99.77	-195.98
0.85	-0.33	1	19.59	98.34	-226.92
0.49	-0.43	0.94	28.81	89.36	-249.71
-0.1	-0.47	0.92	35.66	70.6	-247.74
-0.69	-0.46	0.86	35.39	46.44	-217.54
-1.11	-0.44	0.78	28.95	5.59	-170.09
-1.36	-0.43	0.67	23.86	-31.47	-117.27
-1.43	-0.41	0.57	16.67	-62.4	-60.98
-1.36	-0.35	0.46	-1.65	-67.62	1.71
-1.1	-0.3	0.41	-25.37	-51.63	61.3
-0.93	-0.32	0.5	-45.21	-35.97	111.21
-0.74	-0.33	0.69	-56.11	-31.98	150.34
-0.45	-0.37	0.8	-54.72	-35.53	174.78
-0.15	-0.36	0.88	-55.57	-30.66	190.03
0.12	-0.35	0.95	-57.91	-19.69	196.96
0.48	-0.33	1.06	-55.16	-19.44	189.62
0.87	-0.26	1.13	-47.73	-10.46	163.34
1.16	-0.2	1.16	-33.48	-18.32	117.73
1.46	-0.13	1.18	-18.18	-30.44	58.84
1.74	-0.1	1.21	-3.79	-14.56	-8.02
1.69	-0.1	1.11	13.02	6.03	-76.2
1.53	-0.13	0.98	23.62	35.33	-133.54
1.12	-0.17	0.91	24.41	61.16	-171.95
0.56	-0.25	0.86	24.2	73.3	-188.78
-0.05	-0.3	0.89	25.33	59.63	-185.3
-0.55	-0.34	0.92	30.84	26.93	-163.73
-1.01	-0.32	0.9	33.59	-14.46	-126.2
-1.19	-0.31	0.86	33.21	-47.63	-81.27
-1.22	-0.27	0.66	22.66	-50.69	-31.42
-1.12	-0.26	0.54	4.63	-39.5	19.85
-1.12	-0.26	0.53	-15.48	-18.43	74.21
-0.96	-0.26	0.56	-35.86	-13.21	125.34
-0.76	-0.3	0.68	-45.51	-19.5	164.2
-0.38	-0.34	0.8	-48.61	-31.73	189.22
0.08	-0.36	0.97	-47.51	-43.13	197.13
0.69	-0.3	1.07	-40.76	-46.4	178.69
1.27	-0.2	1.04	-29.77	-41.02	130.09
1.7	-0.1	1	-18.27	-19.56	62.41
1.87	-0.02	0.96	-15.3	17.89	-4.12
1.69	-0.03	1.03	-12.18	47.22	-60.23
1.47	-0.13	1.18	1.88	63.04	-109.16
1.14	-0.21	1.13	20.78	70.4	-148.14
0.62	-0.28	1.02	31.04	59.62	-169.39
0.02	-0.33	0.95	38.15	29.83	-169.13
-0.37	-0.35	0.86	41.76	0.9	-153.57
-0.78	-0.33	0.74	37.6	-16.49	-121.8
-1.07	-0.3	0.69	28.63	-32.37	-75.24
-1.12	-0.28	0.52	15.73	-21.42	-24.14
-1.08	-0.26	0.51	-10.52	-11.18	30.96
-0.97	-0.28	0.58	-29.77	12	81.83
-0.91	-0.34	0.68	-40.47	5.48	122.52
-0.68	-0.37	0.76	-43.95	-12.26	154.6
-0.42	-0.36	0.84	-44.09	-32.5	179.71
0.02	-0.34	0.95	-43.53	-44.29	191.65
0.64	-0.26	1.03	-39.44	-39.56	181.15
1.27	-0.17	1.08	-32.99	-23.79	138.55
1.78	-0.08	1.15	-21.95	5.4	70.17
1.92	-0.03	1.16	-8.75	35.45	-5.77
1.69	-0.07	1.15	7.44	44.29	-77.19
1.4	-0.14	1.09	22.37	49.95	-135.19
0.95	-0.23	0.98	30.92	51.62	-167.34
0.29	-0.28	0.92	34	46.56	-169.98
-0.21	-0.32	0.81	34.4	25.47	-154.14
-0.52	-0.35	0.7	28.18	6.72	-126.49
-0.91	-0.37	0.75	21.25	-22.08	-89.62
-1.04	-0.39	0.68	17.94	-41.22	-46.08
-1.04	-0.37	0.56	5.07	-37.27	-0.64
-1.01	-0.35	0.53	-14.85	-31.66	47.79
-0.84	-0.32	0.5	-35.97	-4.34	96.93
-0.71	-0.35	0.63	-55.36	5.77	140.41
-0.49	-0.37	0.78	-64.34	4.64	173.33
-0.14	-0.38	0.97	-65.24	-15.02	189.57
0.29	-0.39	1.08	-54.21	-31.63	185.86
0.7	-0.34	1.12	-42.43	-35.59	165.94
1.13	-0.23	1.1	-34.29	-34.21	129.48
1.66	-0.15	1.02	-24.73	-10.44	66.96
1.81	-0.07	1.01	-20.09	23.74	-1.8
1.71	-0.06	1.07	-15.21	44.99	-64.49
1.61	-0.14	1.14	-2.72	64.84	-125.54
1.16	-0.28	1.18	16.49	61.83	-177.45
0.61	-0.35	1.07	32	52.03	-205.4
0.1	-0.35	0.92	34.93	35.37	-204.18
-0.2	-0.37	0.69	31.15	42.31	-188.46
-0.82	-0.39	0.77	19.69	19.22	-151.3
-1.17	-0.37	0.77	15.22	-2.37	-100.31
-1.32	-0.36	0.7	6.55	-29.45	-44.66
-1.31	-0.36	0.72	-5.79	-49.5	11.98
-1.11	-0.37	0.68	-15.11	-46.67	63.19
-0.87	-0.35	0.62	-29.91	-35.89	107.05
-0.53	-0.34	0.65	-45.1	-17.25	139.76
-0.25	-0.32	0.73	-55.98	-6.85	160.43
0.12	-0.29	0.85	-63.66	-7.44	164.84
0.68	-0.25	1	-61.68	-13.92	144.63
1.43	-0.14	1.14	-55.18	-1.77	95.27
1.9	-0.1	1.21	-34.73	19.4	15.62
1.87	-0.09	1.19	-12.32	38.96	-64.75
1.64	-0.12	1.11	2.4	51.59	-127.66
1.17	-0.18	1.03	13.56	55.89	-168.79
0.75	-0.24	0.94	18.18	54.26	-189.48
0.31	-0.29	0.84	20.46	51.82	-191.89
-0.17	-0.35	0.9	18.58	41.92	-175.3
-0.86	-0.43	0.96	23.57	3.86	-143.8
-1.1	-0.41	0.86	26.09	-28.96	-97.5
-1.15	-0.39	0.72	21.19	-44.6	-47.88
-1.11	-0.36	0.61	7.15	-42.7	3.83
-0.94	-0.34	0.54	-11.56	-22.46	53.45
-0.81	-0.34	0.53	-31.13	-4.95	96.69
-0.61	-0.37	0.6	-44.44	-3.47	130.08
-0.34	-0.36	0.74	-52.95	-19.22	152.38
0.05	-0.36	0.91	-54.38	-31.34	160.66
0.49	-0.31	1.04	-47.68	-37.54	151.97
1.05	-0.23	1.03	-38.26	-34.84	120.11
1.68	-0.11	1	-33.76	-4.23	63.85
1.92	-0.07	0.98	-25.97	35.54	-9.25
2	-0.08	1.01	-17.28	63.02	-89.42
1.7	-0.17	1.04	-3.8	93.3	-160.03
1.11	-0.26	1.04	9.05	84.53	-209.59
0.81	-0.34	0.93	21.24	85.37	-238.5
0.08	-0.42	1	25.02	83.54	-233.45
-0.79	-0.46	0.96	32.93	46.12	-197.25
-1.18	-0.41	0.81	32.47	-0.7	-144.17
-1.17	-0.35	0.64	19.22	-21.8	-87.24
-1.06	-0.34	0.61	4.72	-25.36	-35.22
-1.01	-0.34	0.7	-8.82	-20.66	11.36
-0.9	-0.37	0.7	-18.15	-18.78	51.62
-0.88	-0.36	0.78	-25.3	-31.3	86.61
-0.74	-0.39	0.81	-25.97	-43.05	116.99
-0.57	-0.38	0.83	-27.63	-52.15	144.31
-0.3	-0.38	0.87	-28.27	-48.66	165.56
0.81	-2.16	-0.9	-18.84	-193.3	155.6
0.86	-0.01	0.66	12.24	-281.86	149.1
0.64	-0.18	0.82	11.62	-163.33	146.27
1.13	-0.22	0.71	23.57	-87.07	124.89
1.27	-0.08	0.76	-10.81	-31.3	109.28
2.4	-0.08	0.22	-32.49	280.17	94.87
1.28	-0.06	0.9	-68.84	343.28	75.97
1.1	-0.28	1.02	-52.5	216.4	1.31
0.74	-0.47	1.17	0.7	66.58	-92.52
0.25	-0.43	1.19	40.7	-90.2	-159.08
0.07	-0.3	0.91	46.2	-121.91	-160.37
-0.26	-0.23	0.83	28.26	-80.26	-121.05
0.14	0.13	0.45	-4.03	71.86	-27.66
-0.64	-0.54	0.7	-5.08	122.49	-10.06
-1.29	-0.1	1.1	-8.09	4.95	34.46
-0.95	-0.33	0.89	-0.29	-69.59	51.56
-0.8	-0.29	0.88	-5.94	-111.11	86.17
-0.36	-0.28	0.76	-3.6	-57.28	122.66
-0.2	-0.25	0.91	-23.8	-19.95	152.72
0.13	-0.29	0.91	-16.84	6.06	159.54
0.44	-0.28	0.91	-15.76	-15.4	144.49
0.97	-0.24	0.84	-10.87	-26.47	106.85
1.68	-0.12	0.74	-11.48	-12.99	44.69
2.28	-0.07	0.76	-16.27	34.2	-44.82
2.31	-0.19	0.94	-8.08	97.07	-144.52
1.35	-0.35	1.12	12.35	107.56	-211.92
0.31	-0.41	1.06	26.93	88.26	-225.69
-0.63	-0.4	0.95	33.83	40.23	-193.66
-1.2	-0.35	0.89	30.15	-0.02	-130.58
-1.44	-0.33	0.89	24.92	-33.24	-60
-1.26	-0.31	0.88	16.26	-43.56	5.1
-0.87	-0.33	0.83	11.89	-26	53.05
-0.54	-0.31	0.72	3.74	-3.37	85.48
-0.27	-0.32	0.65	-9.54	8.5	105.33
0	-0.34	0.66	-19.15	10.31	111.53
0.27	-0.35	0.71	-23.5	3.5	102.93
0.54	-0.31	0.79	-24.32	0.6	84.46
0.73	-0.27	0.84	-23.56	1.28	61.39
0.87	-0.23	0.93	-19.54	11.37	33.53
0.86	-0.22	0.99	-13.13	17.25	3.04
0.76	-0.22	0.96	-5.82	20.38	-24.5
0.54	-0.23	0.95	-2.63	13.89	-43.07
0.36	-0.28	0.97	3.04	14.05	-53.05
0.07	-0.28	0.97	7.3	10.84	-50.08
-0.11	-0.28	0.84	5.08	5.65	-37.5
-0.19	-0.29	0.78	-0.67	1.37	-21.62
-0.24	-0.29	0.82	-6.63	-3.07	-5.8
-0.19	-0.29	0.82	-8.47	-9.8	5.24
-0.13	-0.29	0.81	-11.82	-11.04	13.37
-0.06	-0.27	0.83	-16.69	-8.46	19.4
0.03	-0.26	0.88	-17.76	-2.06	21.95
0.08	-0.25	0.9	-17.71	6.49	22.85
0.11	-0.24	0.9	-17.4	5.86	20.55
0.17	-0.24	0.94	-13.76	6.09	16.85
0.15	-0.22	0.92	-10.55	4.67	12.81
0.19	-0.21	0.9	-9.37	2.7	8.82
0.19	-0.21	0.86	-8.52	4.52	4.4
0.17	-0.21	0.86	-9.98	6.63	1.85
