acce_x	 acce_y	 acce_z	gyro_x	gyro_y	gyro_z
0.09	0.03	0.89	-6.49	2.2	-0.14
0.09	0.03	0.88	-6.5	0.47	-1.01
0.08	0.04	0.88	-7.45	-0.58	-0.89
0.07	0.04	0.87	-8.49	0.24	0.89
0.09	0.04	0.88	-9.01	1.63	1.69
0.09	0.04	0.88	-9.69	0.84	1.51
0.09	0.03	0.9	-10	-0.85	1.4
0.1	0.02	0.91	-10.37	-1.63	0.72
0.11	0.02	0.92	-9.69	-3.66	0.56
0.12	0.02	0.94	-9.02	-2.53	0.02
0.12	0.01	0.94	-7.95	0.14	-0.47
0.1	0.02	0.93	-6.73	0.7	0.02
0.1	0.02	0.91	-7.15	0.85	0.24
0.1	0.02	0.92	-6.81	1.68	0.26
0.1	0.02	0.93	-6.73	1.62	0.49
0.09	0.02	0.94	-6.27	1.07	0.78
0.11	0.01	0.96	-6.35	-0.46	0.55
0.12	0.02	0.95	-5.83	0.35	0.27
0.11	0.01	0.94	-5.62	0.56	-0.2
0.11	0.02	0.92	-5.15	-0.84	-1.01
0.09	0.02	0.93	-5.19	-1.89	-1.79
0.09	0.02	0.92	-4.89	-1.5	-1.27
0.09	0.01	0.93	-4.78	-0.38	-0.47
0.07	0.02	0.92	-5.19	0.35	0.06
0.07	0.02	0.92	-6.05	0.29	0.96
0.08	0.03	0.91	-6.82	-0.43	1.3
0.09	0.03	0.91	-7.51	-1.22	1.22
0.09	0.02	0.92	-7.42	-1.89	1.4
0.09	0.02	0.91	-7.42	-2.44	1.27
0.1	0.02	0.91	-7.15	-3.22	1.36
0.1	0.02	0.91	-7.39	-1.57	1.94
0.11	0.02	0.9	-7.73	0.76	1.8
0.1	0.02	0.9	-7.28	0.31	1.77
0.1	0.01	0.92	-7.07	-0.89	1.1
0.09	0.01	0.91	-5.82	-2.29	1.44
0.1	0.01	0.93	-4.58	-7.25	0.67
0.11	0.02	0.9	-3.88	-8.41	-0.02
0.1	0.02	0.9	-3.31	-7.71	0.14
0.12	0.02	0.9	-4.27	-5.22	0.41
0.11	0.03	0.89	-5.05	-1.27	0.63
0.11	0.02	0.9	-6.5	2.72	2.02
0.12	0.02	0.89	-7.51	6.14	2.03
0.11	0.02	0.91	-7.85	6.38	1.65
0.11	0.02	0.92	-7.65	6.31	1.36
0.11	0.01	0.91	-7.37	4.93	1.47
0.12	0.01	0.92	-6.21	2.93	1.13
0.13	0.01	0.92	-5.25	2	-0.12
0.12	0.01	0.91	-4.37	2.26	-0.7
0.11	0.01	0.89	-3.94	1.71	-0.47
0.1	0.02	0.89	-3.27	2.06	-0.69
0.1	0.02	0.9	-3.62	2.08	-0.6
0.09	0.03	0.9	-4.11	1.39	-0.34
0.1	0.03	0.9	-4.76	1.57	0.05
0.1	0.02	0.9	-6.03	1.45	-0.09
0.11	0.03	0.9	-6.79	1.76	-0.61
0.11	0.02	0.91	-7.07	0.67	-0.96
0.11	0.02	0.9	-6.6	-0.69	-1.71
0.1	0.02	0.91	-6.23	-0.79	-1.65
0.1	0.02	0.91	-5.79	0.44	-0.52
0.11	0.02	0.9	-5.62	1.53	-0.17
0.11	0.02	0.9	-5.57	1.19	-0.18
0.1	0.02	0.89	-6.05	2.27	0.32
0.1	0.02	0.9	-7.16	2.29	-0.27
0.1	0.03	0.91	-7.6	-0.81	-0.47
0.1	0.01	0.92	-7.39	-1.83	-0.41
0.11	0.01	0.92	-7.88	-0.12	0.14
0.11	0.02	0.92	-7.37	1.24	0.35
0.12	0.02	0.91	-6.5	2.2	-0.18
0.12	0.02	0.9	-6.72	1.54	-0.99
0.12	0.01	0.91	-6.31	1.65	-1.73
0.1	0.01	0.92	-5.76	0.76	-1.69
0.09	0.01	0.92	-4.78	0.31	-0.73
0.1	0.01	0.92	-5.36	0.95	0.11
0.1	0.02	0.92	-5.36	0.35	-0.49
0.1	0.02	0.91	-6.34	-1.66	-1.04
0.11	0.01	0.91	-6.32	-0.72	-0.89
0.11	0.01	0.91	-6.21	0.67	-0.6
0.1	0.03	0.89	-6.37	0.27	-0.41
0.11	0.02	0.91	-6.46	0.47	0
0.11	0.02	0.92	-5.65	1.95	-0.24
0.11	0.02	0.91	-5.77	1.82	-0.93
0.09	0.02	0.9	-5.31	1.24	-0.95
0.08	0.02	0.9	-5.31	-0.32	-1.36
0.09	0.01	0.92	-5.08	-1.62	-1.1
0.1	0.02	0.92	-4.75	-0.23	0.32
0.12	0.03	0.9	-5.25	1.68	0.56
0.12	0.02	0.92	-5.79	0.93	-0.78
0.13	0.02	0.91	-5.31	1.1	-0.55
0.13	0.01	0.9	-5.02	3.42	-0.82
0.11	0.02	0.9	-4.93	4.21	-1.24
0.11	0.02	0.9	-4.55	2.93	-1.76
0.11	0.02	0.91	-5.4	1.83	-2.11
0.1	0.02	0.91	-5.98	2.46	-1.74
0.11	0.02	0.93	-5.98	3.08	-0.87
0.12	0.02	0.93	-5.92	3.16	-1.34
0.12	0.02	0.92	-5.53	2.75	-1.89
0.1	0.02	0.91	-5.62	2.49	-2.24
0.09	0.03	0.92	-5.56	1.77	-1.39
0.1	0.02	0.92	-6.15	2.49	-1.85
0.1	0.02	0.93	-5.47	2.31	-1.91
0.09	0.02	0.93	-6.08	1.95	-1.22
0.1	0.02	0.93	-6.72	2.2	-1.28
0.1	0.03	0.92	-6.75	2.34	-1.53
0.11	0.01	0.93	-6.64	1.5	-1.73
0.1	0.01	0.94	-6.17	0.61	-1.88
0.1	0.02	0.94	-4.81	-0.26	-2.7
0.1	0.02	0.94	-4.05	0.37	-2.85
0.1	0.03	0.92	-3.82	2.38	-3.01
0.08	0.03	0.91	-3.82	2.64	-2.38
0.08	0.02	0.91	-3.98	1.53	-2.08
0.08	0.02	0.91	-4.17	0.72	-1.79
0.08	0.03	0.92	-4.75	0.37	-1.92
0.08	0.02	0.92	-4.5	-2.03	-2.23
0.09	0.03	0.92	-5.16	-3.83	-2.26
0.1	0.03	0.91	-5.44	-3.71	-1.71
0.11	0.03	0.92	-5.73	-3.33	-2.21
0.11	0.01	0.93	-2.76	-8.79	-2.24
0.11	0.01	0.93	-4.17	-5.63	-2.96
0.11	0.02	0.92	-2.9	-4.38	-2.92
0.11	0.02	0.92	-2.31	-5.13	-3.27
0.1	0.03	0.91	-2.08	-3.62	-3.02
0.09	0.04	0.9	-2.47	-2.18	-1.83
0.08	0.04	0.89	-3.21	-2.46	-0.69
0.1	0.04	0.88	-4.46	-0.93	-0.6
0.1	0.04	0.9	-5.53	0.12	-0.6
0.1	0.04	0.89	-6.58	0.02	-0.56
0.11	0.04	0.88	-7.3	0.05	-0.63
0.11	0.04	0.9	-6.85	-0.55	-0.81
0.11	0.04	0.89	-6.72	-0.89	-1.25
0.11	0.05	0.88	-7.1	-0.23	-0.95
0.1	0.05	0.88	-7.94	-0.27	-0.92
0.09	0.05	0.88	-8.49	-0.21	-0.82
0.1	0.04	0.9	-9.4	-0.37	-1.18
0.1	0.04	0.91	-10.14	0.02	-1.04
0.1	0.04	0.89	-10.4	1.08	-0.5
0.1	0.03	0.9	-11.08	1.91	0.12
0.1	0.04	0.9	-10.06	0.35	0.41
0.09	0.03	0.91	-9.62	-1.98	0.87
0.1	0.03	0.91	-8.75	-0.99	1.86
0.11	0.03	0.91	-7.89	0.46	2.37
0.11	0.03	0.91	-7.68	0.4	3.3
0.1	0.03	0.9	-7.82	-0.5	3.82
0.12	0.03	0.9	-7.69	-2.17	2.82
0.12	0.03	0.92	-8.05	-1.63	2.41
0.12	0.02	0.92	-7.62	-0.84	3.02
0.13	0.04	0.92	-6.63	-4.17	3.21
0.11	0.03	0.9	-6.21	-7.98	2.21
0.1	0.01	0.89	-5.71	-11.11	2.55
0.12	0.05	0.88	-9.4	-11.91	2.12
0.11	0.04	0.91	-9.54	-9.74	3.19
0.12	0.03	0.91	-10.41	-7.91	3.4
0.12	0.03	0.92	-11.62	-5.8	2.12
0.13	0.04	0.93	-11.16	-3.6	0.73
0.13	0.02	0.93	-9.86	-2.92	-0.4
0.13	0.03	0.93	-7.59	-3.1	-1.36
0.13	0.03	0.92	-7.42	-0.75	-1.56
0.13	0.03	0.9	-7.53	0.99	-2.63
0.1	0.03	0.91	-7.04	0.18	-0.69
0.11	0.02	0.91	-6.9	0.27	0.85
0.13	0.02	0.9	-7.28	1.02	1.15
0.12	0.02	0.92	-6.89	2.75	1.53
0.12	0.02	0.91	-7.22	2.53	2
0.12	0.03	0.91	-7.91	4.11	1.77
0.13	0.02	0.91	-7.62	4.14	1.83
0.13	0.02	0.91	-7.94	4.67	1.08
0.12	0.02	0.91	-7.3	5.39	1.37
0.12	0.01	0.9	-7.1	5.27	3.05
0.12	0.01	0.91	-7.27	4.82	3.24
0.12	0.01	0.91	-6.76	3.37	3.22
0.14	0.01	0.92	-7.05	2.84	2.56
0.14	0.01	0.93	-6.37	3.77	1.19
0.14	0.01	0.92	-5.82	4.26	1.02
0.13	0.01	0.92	-5.98	3.62	0.38
0.14	0.01	0.92	-5.66	2.69	-0.21
0.12	0.02	0.9	-5.5	3.34	-0.15
0.11	0.03	0.89	-5.5	3.4	1.42
0.11	0.02	0.89	-6.08	4.29	1.8
0.12	0.02	0.9	-7.18	3.91	1.71
0.12	0.01	0.92	-7.57	3.08	1.45
0.12	0.01	0.93	-7.86	4.27	1.74
0.12	0.01	0.91	-7.76	4.4	1.71
0.1	0.01	0.92	-8.03	3.57	1.45
0.11	0.01	0.91	-7.85	2.96	0.38
0.11	0.01	0.9	-7.31	2.96	-0.52
0.12	0.02	0.89	-7.79	3.54	-0.05
0.11	0.02	0.9	-7.95	5.08	1.05
0.11	0.02	0.9	-8.32	5.47	1.24
0.13	0.01	0.91	-8.82	5.83	0.53
0.13	0.01	0.91	-9.22	4.9	-0.76
0.11	0	0.92	-8.95	2.7	-1.42
0.1	0.01	0.91	-8.35	0.56	-0.9
0.12	0.01	0.92	-8.2	1.48	-0.9
0.1	0.01	0.91	-8	3.33	-0.63
0.1	0.01	0.92	-7.36	3.66	0.15
0.1	0.01	0.92	-7.33	4.81	0.23
0.1	0.01	0.92	-7.18	4.63	-0.24
0.1	0.01	0.92	-6.89	3.98	-0.46
0.1	0.01	0.92	-6.76	3.44	-0.69
0.11	0.01	0.92	-6.23	1.86	-0.29
0.11	0.01	0.92	-6.6	2.02	-0.47
0.11	0.02	0.92	-6.72	1.6	-0.89
0.1	0.01	0.91	-6.66	0.52	-0.31
0.12	0	0.93	-6.47	1.24	-0.56
0.12	0.01	0.92	-6.15	2.08	-1.27
0.1	0.01	0.91	-6.09	1.3	-1.45
0.11	0.01	0.91	-6.24	2.03	-1.25
0.12	0	0.94	-6.55	2.21	-1.25
0.12	0	0.93	-6.11	1.48	-1.07
0.13	0.01	0.92	-5.59	1.95	-1.24
0.09	0.02	0.91	-5.85	-0.66	-0.53
0.1	0.01	0.89	-5.57	-0.96	1.15
0.13	0.01	0.9	-6.72	-1.73	1.53
0.14	0.01	0.92	-6.24	0.96	0.11
0.08	0.01	0.91	-6.23	-0.81	2.53
0.09	0.01	0.93	-7.1	-3.56	3.4
0.12	0.02	0.91	-7.66	-4.73	0.75
0.12	0.01	0.91	-8.21	-4.27	-0.14
0.12	0.01	0.92	-8.89	0.43	-0.58
0.09	0	0.91	-8.46	1.08	-0.41
0.11	-0.01	0.91	-8.93	1.16	-0.81
0.11	0.01	0.9	-8.85	5.16	-1.21
0.08	0.01	0.91	-8.89	2.6	-1.39
0.06	0	0.92	-7.25	0	1.34
0.1	0	0.9	-6.96	0.12	2
0.1	0	0.9	-7.18	-1.3	1.22
0.11	0	0.92	-6.49	-1.62	0.67
0.12	0	0.91	-6.72	1.19	0.4
0.11	0.02	0.9	-6.89	2.95	0.15
0.11	0.02	0.89	-6.73	3.16	-0.61
0.09	0.02	0.89	-6.32	2.79	-0.38
0.1	0.03	0.88	-6.87	2.29	0.23
0.11	0.02	0.89	-6.64	1.76	0.23
0.12	0.03	0.89	-7.63	1.71	-0.18
0.11	0.02	0.89	-8.31	0.99	-0.66
0.1	0.01	0.91	-8.87	-0.4	-0.06
0.12	0.01	0.93	-9.51	0.15	-0.21
0.1	0.01	0.93	-9.97	-0.05	-0.03
0.11	0.01	0.94	-9.45	-0.34	0.12
0.1	0.01	0.94	-8.49	-0.23	0.67
0.09	0	0.92	-8.18	1.05	2.95
0.09	-0.01	0.93	-8.64	0.73	4.73
0.09	0	0.93	-8.21	1.4	5.97
0.11	-0.01	0.92	-9.08	3.44	5.92
0.14	0	0.93	-10.37	5.47	5.11
0.14	0	0.93	-10.14	7.39	3.25
0.13	-0.01	0.92	-10.35	7.07	1.6
0.13	-0.02	0.92	-9.88	7.47	0.27
0.12	-0.02	0.94	-7.6	4.47	-1.18
0.09	-0.02	0.92	-5.36	-0.05	-0.6
0.12	-0.01	0.91	-5.04	0.63	-0.78
0.13	-0.01	0.92	-5.6	1.65	-2
0.1	-0.01	0.91	-5.3	3.28	-1.34
0.1	-0.01	0.91	-5.13	3.59	-0.72
0.09	-0.01	0.89	-5.56	3.05	-0.58
0.1	0	0.91	-6.63	0.92	-0.63
0.1	0	0.9	-7.16	0.4	-1.11
0.1	0	0.91	-7.18	-0.75	-1.5
0.1	0	0.91	-6.87	0.24	-0.93
0.1	0	0.9	-6.98	1.27	-0.99
0.11	0	0.89	-6.61	0.32	-1.91
0.11	0	0.88	-6.05	1.08	-2.43
0.1	-0.01	0.9	-6.17	0.75	-2.24
0.1	0	0.9	-6.47	0.38	-2.38
0.09	0	0.9	-7.34	1.42	-2.52
0.09	0	0.91	-7.79	3.6	-1.98
0.08	0	0.92	-7.85	3.73	-1.3
0.08	0	0.91	-8.21	3.6	-0.92
0.09	0	0.91	-8.18	3.27	-0.79
0.1	-0.01	0.92	-7.48	1.77	-1.62
0.11	-0.01	0.93	-5.3	0.4	-2.15
0.11	-0.01	0.92	-4.09	1.85	-2.58
0.11	-0.01	0.91	-3.51	3.36	-2.03
0.11	0	0.9	-3.24	3.1	-2.09
0.1	0	0.91	-3.8	2.79	-2.56
0.1	0.01	0.9	-4.31	1.73	-3.27
0.09	0.01	0.89	-5.33	1.74	-2.31
0.1	0.01	0.88	-6.47	3.33	-1.74
0.11	0.01	0.9	-7.3	3.42	-1.71
0.12	0.01	0.9	-7.91	2.69	-2.72
0.11	0.01	0.91	-7.88	1.13	-3.79
0.11	0.01	0.9	-7.65	1.22	-4.14
0.09	0.01	0.9	-6.87	1.04	-3.71
0.08	0.01	0.92	-6.73	1.34	-3.48
0.08	0.01	0.92	-6.79	1.69	-3.39
0.07	0.01	0.91	-7.25	1.42	-2.89
0.08	0.01	0.92	-7.86	1.79	-2.29
0.07	0.01	0.92	-7.98	2.05	-2.15
0.07	0	0.92	-8.37	1.34	-1.73
0.08	0	0.92	-7.83	1.8	-1.77
0.07	0	0.94	-6.89	1.56	-1.39
0.07	0.01	0.92	-5.62	2.61	-1.25
0.08	0.02	0.9	-5.91	3.98	-1.44
0.09	0.02	0.89	-6.6	4.69	-1.71
0.08	0.02	0.91	-7.13	3.74	-2.89
0.09	0.02	0.91	-7.71	5.68	-4.35
0.11	0.02	0.92	-8.15	6.61	-6.15
0.12	0	0.92	-8.95	10.75	-8
0.03	0	0.9	-7.39	10.63	-2.17
0.05	0	0.92	-7.45	5.37	1.79
0.09	0.01	0.93	-7.53	2.82	-0.34
0.07	0	0.92	-6.27	3.3	-0.49
0.06	0	0.91	-6.7	2.84	0.56
0.08	0	0.94	-6.17	2.52	1.21
0.08	-0.01	0.95	-4.38	1.95	0.18
0.07	0	0.92	-3.94	2.26	0.38
0.06	0.01	0.9	-3.59	2.43	1.39
0.08	0.01	0.9	-4.29	1.07	1.34
0.08	0.01	0.91	-4.43	0.05	1.36
0.09	0.01	0.91	-5.63	-0.61	1.37
0.11	0.01	0.93	-5.5	1.91	0.93
0.09	-0.01	0.92	-5.16	2.7	0.58
0.08	-0.01	0.92	-4.99	1.62	0.85
0.09	0	0.91	-4.55	1.68	0.98
0.09	0	0.92	-4.38	2.67	1.01
0.09	0	0.9	-5.08	2.47	1.02
0.1	0	0.91	-5.65	3.83	0.9
0.09	0	0.92	-5.54	4.93	0.79
0.08	-0.01	0.93	-5.92	3.01	0.53
0.08	-0.01	0.92	-5.45	1.76	0.32
0.09	-0.01	0.92	-5.57	0.17	-0.23
0.08	-0.01	0.92	-5.19	-0.99	-0.47
0.09	-0.02	0.94	-4.67	0.2	-0.55
0.08	-0.01	0.93	-4.26	1.71	-0.56
0.07	0	0.91	-4.35	1.59	1.13
0.08	-0.01	0.91	-5.44	2.06	1.77
0.09	0	0.92	-5.39	2.73	1.22
0.08	0	0.92	-5.91	1.56	0.73
0.08	0	0.91	-5.11	0.84	0.66
0.07	0	0.92	-4.53	-1.71	0.93
0.09	0	0.91	-5.04	-3.13	0.5
0.1	0	0.9	-5.05	-0.76	-0.35
0.1	0	0.92	-5.18	0.14	-0.09
0.09	0	0.91	-5.36	1.74	0.64
0.08	0	0.9	-5.91	2.31	1.18
0.07	0	0.91	-6.23	3.37	1.48
0.07	0	0.92	-5.76	1.08	1.19
0.07	0	0.94	-4.52	-1.86	0.14
0.08	0	0.94	-4.08	-4.52	-0.64
0.08	0.01	0.91	-4.27	-2.78	-0.09
0.08	0.01	0.91	-4.11	-1.82	0.21
0.08	0.01	0.9	-4.78	0.41	0.44
0.09	0.01	0.89	-5.85	2.09	1.19
0.09	0	0.9	-6.93	4.84	1.86
0.09	0	0.9	-7.28	6.43	1.98
0.08	0	0.9	-7.39	7.37	2.61
0.09	0	0.91	-8.17	4.32	1.92
0.09	0.01	0.91	-7.95	2.23	0.63
0.08	0.01	0.91	-8.11	0.49	0.17
0.07	0.01	0.91	-8.32	-0.24	0.66
0.08	0	0.92	-8.41	-0.15	0.31
0.07	-0.01	0.92	-7.66	0.35	0.75
0.08	0	0.91	-7.74	1.74	1.24
0.08	0	0.91	-7.62	2.37	1.85
0.1	0	0.92	-7.44	1.6	1.45
0.11	-0.01	0.93	-6.95	1.6	-0.35
0.09	-0.01	0.91	-6.35	0.78	-1.25
0.09	-0.01	0.92	-5.79	0.67	-1.3
0.07	0	0.9	-5.36	0.82	-0.12
0.08	0	0.91	-4.89	0.81	0.11
0.09	0	0.91	-4.84	2.37	-0.15
0.08	-0.01	0.91	-4.6	2.89	-0.29
0.08	0	0.9	-5.36	2.43	-0.34
0.08	0	0.91	-5.59	2.61	-0.41
0.09	0	0.91	-5.42	2.53	-0.56
0.08	0.01	0.9	-5.85	1.97	-0.67
0.1	0.01	0.9	-6.47	2.35	-1.6
0.08	0	0.91	-6.37	1.88	-1.47
0.08	0.01	0.9	-6.49	2.43	-0.9
0.09	0.01	0.92	-6.55	3.57	-0.96
0.09	0	0.92	-6.69	2.44	-1.5
0.08	0.01	0.92	-6.6	1.85	-1.04
0.08	0	0.91	-6.61	3.1	-0.58
0.07	0.01	0.91	-7.56	2.06	-0.96
0.07	0	0.92	-7.65	0.76	-1.02
0.06	-0.01	0.93	-7.04	-0.44	-1.31
0.08	-0.01	0.95	-6.34	-1.77	-1.94
0.09	0	0.94	-5.63	0.53	-2.02
0.08	0	0.92	-4.93	1.91	-2.03
0.08	0	0.9	-4.11	1.53	-1.71
0.07	0	0.9	-4.7	1.3	-1.36
0.08	0	0.91	-3.98	1.74	-2.18
0.06	0	0.91	-4.18	0.41	-2.11
0.07	0.01	0.91	-4.73	-0.14	-1.5
0.08	0.01	0.9	-4.99	-1.62	-2.17
0.07	0.01	0.91	-5.21	-2.9	-2.32
0.08	0.02	0.91	-6.03	-1.82	-2.43
0.08	0.02	0.9	-6.67	-0.47	-1.82
0.09	0.01	0.9	-6.69	0.79	-2.08
0.09	0.01	0.91	-6.78	1.8	-2.55
0.09	0	0.92	-6.46	1.44	-3.02
0.07	0.01	0.9	-6.7	1.65	-3.16
0.07	0.02	0.89	-6.99	1.24	-3.07
0.05	0.02	0.9	-7.34	-1.85	-3.18
0.05	0.02	0.91	-7.59	-2.61	-2.47
0.06	0.02	0.9	-8.18	-0.5	-1.8
0.06	0.02	0.91	-8.44	-0.02	-1.34
0.07	0.01	0.93	-8.44	0.37	-1.07
0.08	0.02	0.93	-7.53	1.42	-1.31
0.08	0.01	0.92	-6.82	0.31	-1.5
0.08	0.01	0.92	-6.53	-0.23	-2.06
0.08	0.01	0.94	-4.79	-0.35	-2.49
0.07	0.01	0.93	-4.53	-1.18	-2.66
0.07	0.02	0.92	-4.9	-0.4	-2.27
0.07	0.02	0.9	-5.57	0.73	-2.35
0.07	0.02	0.92	-6.29	0.03	-2.23
0.06	0.01	0.91	-6.58	1.08	-0.95
0.07	0.01	0.92	-7.4	-0.12	-0.63
0.09	0.01	0.93	-7.56	-0.9	-1.13
0.08	0.01	0.94	-7.28	-1.01	-1.27
0.08	0.01	0.95	-5.85	-0.21	-1.69
0.08	0.01	0.94	-5.08	-0.76	-2.58
0.07	0.02	0.93	-4.78	-1.39	-2.81
0.06	0.01	0.91	-4.03	-1.02	-2.31
0.06	0.01	0.91	-3.94	-0.78	-1.59
0.06	0.02	0.93	-3.54	-1.33	-0.79
0.07	0.02	0.91	-4.34	0.73	0.21
0.07	0.02	0.9	-4.64	2.24	0.41
0.07	0.02	0.89	-5.33	2.11	0.46
0.07	0.02	0.89	-6.55	0.44	0.81
0.08	0.02	0.91	-7.39	-1.37	0.58
0.09	0.01	0.91	-6.69	-0.03	0.09
0.09	0.01	0.92	-6.63	0.12	-0.02
0.08	0.01	0.92	-6.23	0.98	-0.03
0.07	0.02	0.91	-5.16	1.04	0.27
0.08	0.02	0.91	-5.63	2.24	0.46
0.07	0.02	0.9	-5.68	1.71	0.87
0.06	0.01	0.9	-6.67	0.64	1.04
0.07	0.01	0.92	-8.2	-0.89	0.95
0.09	0.01	0.92	-8.6	-1.51	0.52
0.08	-0.01	0.94	-8.38	-0.2	0.75
0.09	0	0.94	-7.28	0.66	0.69
0.1	0	0.94	-6.31	0.5	0.44
0.1	-0.01	0.93	-4.76	0.82	-0.11
0.09	-0.01	0.91	-4.23	0.78	-0.23
0.09	0	0.91	-3.39	1.1	-0.35
0.08	0	0.9	-3.69	1.44	-0.23
0.08	0.01	0.9	-4.56	1.82	-0.27
0.08	0.01	0.9	-5.53	2.21	0.05
0.08	0.01	0.89	-7.34	1.4	-0.06
0.08	0.01	0.9	-8.81	0.4	0.11
0.08	0.01	0.9	-9.77	-0.26	-0.27
0.08	0.01	0.9	-10.23	-0.41	0.18
0.08	0.01	0.89	-10.73	0.67	0.61
0.09	0.02	0.89	-10.55	2.55	1.04
0.09	0.01	0.9	-10.34	1.6	0.81
0.09	0.01	0.92	-9.57	-0.63	-0.12
0.08	0	0.92	-9.04	-1.94	-0.31
0.08	0	0.9	-8.41	-2.02	-0.02
0.09	0.01	0.9	-8.69	0.08	0.05
0.09	0	0.9	-8.9	-0.09	-0.24
0.09	0.01	0.9	-9.05	0.08	-0.31
0.1	0	0.93	-9.39	0.98	-0.26
0.11	0.01	0.91	-9.48	1.5	0.15
0.12	0	0.93	-9.73	2.34	-0.78
0.11	0	0.94	-9.16	2.23	-1.6
0.1	0	0.96	-8.53	0.96	-2.32
0.08	0.02	0.96	-8.78	0.95	-1.77
0.09	0.04	0.98	-9.16	2.95	-1.02
0.07	0.06	0.99	-10.87	2.17	-1.28
0.06	0.06	1.01	-13.73	-0.73	-2.05
0.05	0.04	1.08	-16.96	-3.86	-2.17
0.03	0.01	1.15	-18.76	-5.92	-2.75
0	-0.01	1.23	-19.02	-8.7	-1.18
-0.01	-0.03	1.28	-16.6	-8.27	0.72
-0.01	-0.06	1.36	-12.87	-10.14	3.01
0	-0.08	1.42	-5.44	-9.85	4.56
0.02	-0.09	1.43	3.6	-4.17	7.34
0.01	-0.08	1.42	11.56	2.17	10.12
-0.02	-0.07	1.4	19.16	2.84	11.68
-0.05	-0.04	1.36	24.82	-0.58	11.71
-0.07	-0.02	1.31	28.37	-8.73	11.65
-0.07	0	1.28	28.69	-16.56	11.42
-0.07	0.02	1.27	29.02	-23.48	11.66
-0.04	0.03	1.27	26.85	-26.5	12.95
-0.02	0.04	1.27	26.63	-28.53	12.92
0.01	0.04	1.25	27.31	-32.03	13.63
0.04	0.06	1.2	26.98	-32.76	13.3
0.06	0.06	1.16	26.41	-32.34	11.8
0.06	0.08	1.12	26.98	-36.34	9.79
0.04	0.07	1.1	26.6	-43.68	8
0.03	0.07	1.08	24.61	-46.56	7.56
0.04	0.08	1.07	22.11	-50.26	8.5
0.08	0.08	1.09	21.13	-48.84	9.34
0.16	0.06	1.09	19.63	-43.59	10.79
0.24	0.03	1.1	19.18	-36.05	11.71
0.26	0.02	1.07	22.12	-29.56	9.45
0.24	0.02	1.04	27.5	-32.55	3.22
0.17	0.06	0.96	30.15	-37.3	-1.19
0.13	0.08	0.89	32.38	-39.69	-1.16
0.1	0.09	0.88	31.6	-33.8	0.73
0.05	0.08	0.88	30.12	-25.4	5.27
0.05	0.08	0.86	26.14	-19.3	11.11
0.09	0.08	0.84	20.6	-10.18	14.6
0.14	0.07	0.84	15.36	-3.8	17.56
0.19	0.07	0.83	11.91	6.17	15.62
0.15	0.07	0.85	10.46	9.36	12.7
0.08	0.07	0.86	12.27	5.25	10.89
0.03	0.06	0.81	15.85	-1.98	11.59
0.01	0.11	0.76	17.56	-4.37	14.52
-0.01	0.13	0.77	17.44	-3.62	17.76
0.03	0.13	0.75	17.3	-4.99	20.58
0.1	0.14	0.77	16.78	-8.79	20.66
0.13	0.13	0.77	17.63	-15.3	19.33
0.14	0.12	0.76	17.16	-13.39	19.13
0.12	0.12	0.75	15.97	-12.98	20.38
0.1	0.1	0.74	15.74	-11.19	20
0.06	0.12	0.73	15.22	-10.27	20.78
0.02	0.16	0.74	17.18	-18.85	22.55
0.06	0.17	0.7	19.59	-23.91	23.37
0.07	0.19	0.64	16.18	-24.58	24.56
0.12	0.18	0.64	12.92	-21.25	28.23
0.17	0.18	0.65	9.15	-17.1	29.18
0.17	0.17	0.65	5.95	-12.37	29.63
0.1	0.16	0.66	3.07	-9.04	31.76
0.06	0.14	0.72	2.21	-11.68	34.06
0.04	0.15	0.73	2.64	-18.29	36.43
0.04	0.19	0.7	3.4	-20.12	39.71
0.05	0.2	0.66	2.09	-19.91	43.97
0.08	0.22	0.63	-0.05	-18.11	48.38
0.09	0.24	0.6	-2.98	-18.75	49.59
0.12	0.23	0.56	-7.3	-19.36	50.12
0.12	0.23	0.59	-12.41	-18.79	50.69
0.15	0.23	0.61	-17.47	-14.82	51.94
0.19	0.24	0.57	-23.4	-7.19	52.5
0.19	0.22	0.55	-30.05	0.9	53.76
0.17	0.2	0.61	-33.16	-3.68	56.18
0.21	0.18	0.64	-34.46	-2.23	58.32
0.19	0.15	0.67	-33.05	-3.08	58.75
0.22	0.13	0.67	-30.82	-7.39	59.51
0.25	0.1	0.68	-28.84	1.69	58.35
0.2	0.1	0.66	-25.79	9.05	57.1
0.18	0.12	0.61	-25.24	13.73	57.97
0.21	0.15	0.53	-28.23	16.08	60.23
0.23	0.12	0.6	-30.47	12.82	60.38
0.38	0.11	0.64	-31.18	16.12	58.55
0.44	0.08	0.65	-28.47	27.19	52.05
0.41	0.07	0.65	-26.66	34.29	43.82
0.37	0.04	0.65	-25.8	37.34	34.14
0.26	0.04	0.66	-25.47	30.23	24.49
0.17	0.04	0.62	-25.27	22.9	19.51
0.1	0.04	0.56	-25.63	14.47	21.98
0.14	0.05	0.51	-29.63	7.6	29.57
0.19	0.04	0.55	-33.11	-1.04	35.21
0.26	-0.02	0.61	-34.43	-2.37	37.95
0.29	-0.04	0.67	-30.92	0.11	37.44
0.31	-0.07	0.7	-25.07	0.15	33.39
0.33	-0.11	0.7	-19.18	-2.47	20.44
0.28	-0.04	0.63	-17.3	-1.01	18.05
0.25	0.01	0.57	-22.5	-5.44	23.83
0.32	-0.01	0.6	-28.37	-8.05	28.61
0.42	-0.02	0.73	-33.47	-17.73	31.86
0.5	-0.1	0.82	-30.47	-14.32	36.67
0.53	-0.17	0.9	-19.5	-2.9	43.66
0.53	-0.16	0.91	-9.77	9.91	47.98
0.48	-0.13	0.87	-2.64	12.43	48.4
0.41	-0.1	0.77	-0.99	7.27	45.19
0.34	-0.07	0.68	-3.24	-3.6	41.66
0.32	-0.05	0.61	-8.93	-12.34	37.86
0.37	-0.04	0.56	-19.45	-16.9	35.89
0.44	-0.05	0.65	-27.85	-20.82	28.87
0.48	-0.07	0.74	-31.37	-23.56	23.76
0.51	-0.12	0.84	-31.74	-13.97	24.66
0.49	-0.18	0.91	-24.49	19.82	29.22
0.37	-0.2	0.94	-14.17	32.96	35.45
0.29	-0.19	0.88	-7.97	30.43	41.31
0.28	-0.18	0.8	-6.08	21.92	40.18
0.29	-0.14	0.74	-5.28	15.88	37.5
0.3	-0.07	0.64	-11.94	7.97	33.68
0.29	-0.04	0.63	-22.37	-27.31	27.88
0.39	-0.09	0.73	-22.02	-41.4	26.2
0.46	-0.16	0.81	-16.06	-18.79	25.15
0.44	-0.2	0.85	-10.18	4.82	26.34
0.38	-0.22	0.84	-4.72	25.07	27.56
0.33	-0.2	0.77	-5.8	30.47	25.94
0.34	-0.17	0.78	-9.65	22.43	18.12
0.3	-0.15	0.78	-12.81	10.24	11.45
0.24	-0.07	0.8	-17.57	-9.51	15.21
0.26	-0.04	0.85	-18.44	-24.11	30.98
0.45	-0.1	0.95	-11.07	-28.09	45.47
0.63	-0.15	0.95	-0.99	-13.88	50.23
0.68	-0.18	0.85	4.05	-6.02	45.74
0.7	-0.15	0.78	5.74	5.16	41.28
0.73	-0.13	0.68	2.23	22.12	33.88
0.69	-0.11	0.64	-6.79	31.59	24.87
0.64	-0.11	0.63	-16.52	45.71	18.96
0.52	-0.1	0.68	-21.42	58.6	17.88
0.39	-0.12	0.74	-21.59	64.55	19.19
0.3	-0.17	0.82	-14.38	60.79	17.5
0.24	-0.25	0.8	-3.82	46.55	11.21
0.18	-0.28	0.75	0.9	26.02	1.44
0.1	-0.26	0.69	-1.11	0.14	-2.44
0.13	-0.21	0.65	-10.52	-7.47	4.06
0.23	-0.2	0.68	-18.78	1.36	13.28
0.32	-0.16	0.74	-25.22	13.59	19.56
0.37	-0.15	0.82	-28.24	22.11	21.66
0.36	-0.18	0.86	-26.09	28.55	20.64
0.34	-0.2	0.89	-21.82	29.11	20.66
0.37	-0.24	0.93	-14.17	25.37	15.08
0.38	-0.26	0.93	-7.13	17.94	7.88
0.4	-0.25	0.89	-2.12	25.01	3.25
0.37	-0.22	0.83	-2.12	30	2.17
0.33	-0.18	0.83	-8.08	33.79	0.37
0.26	-0.18	0.83	-13.42	31.27	0.95
0.21	-0.19	0.9	-13.85	25.79	3.88
0.16	-0.21	0.93	-10.49	8.58	5.42
0.18	-0.23	0.95	-6.14	-6.09	8.93
0.27	-0.26	0.97	0.75	-3.95	12.78
0.34	-0.25	0.91	17.1	3.69	15.21
0.39	-0.18	0.8	9.95	27.05	15.3
0.44	-0.11	0.73	-9.31	28.32	7.11
0.31	-0.05	0.6	-21.11	48.87	-3.3
0.36	-0.08	0.67	-32.03	52.35	-8.53
0.4	-0.14	0.74	-33.47	69.47	-11.04
0.37	-0.19	0.78	-29.25	84.69	-14.63
0.32	-0.22	0.81	-25.24	90.24	-18.56
0.28	-0.26	0.82	-19.98	87.19	-24.34
0.17	-0.22	0.81	-21.02	72.56	-30.98
0.02	-0.17	0.82	-31.4	29.15	-35.15
-0.01	-0.19	0.89	-40.73	-11.04	-33.77
0.07	-0.25	1.03	-42.31	-20.41	-26.43
0.17	-0.28	1.11	-38.6	-3.94	-17.89
0.24	-0.33	1.13	-33.54	18.87	-13.16
0.28	-0.34	1.08	-27.07	43.6	-14.11
0.22	-0.32	1.11	-13.3	54.27	-13.45
0.27	-0.28	1	-19.65	60.09	-21.25
0.14	-0.25	0.99	-40.79	63.39	-27.94
-0.01	-0.3	0.95	-26.99	31.79	-30.76
-0.09	-0.26	1.01	-9.33	-12.73	-26.37
0.01	-0.26	1.02	-9.83	-40	-19.22
0.16	-0.29	1.03	-1.33	-9.69	-10.66
0.25	-0.27	1.02	5.39	24.15	-4.55
0.31	-0.23	0.93	6.82	52.14	-5.15
0.28	-0.18	0.82	1.73	81.31	-6.95
0.14	-0.14	0.81	-5.77	80.93	-12.63
0.09	-0.15	0.84	-11.8	53.8	-25.77
0.01	-0.17	0.93	-10.44	3.92	-39.08
-0.01	-0.2	1.01	-5.88	-32.58	-46.52
-0.01	-0.23	1.09	5.95	-47.02	-43.4
0.12	-0.23	1.1	15.59	-31.56	-32.76
0.29	-0.24	1.09	22.26	15.54	-26.7
0.32	-0.2	1.04	21.3	57.95	-28.03
0.26	-0.15	0.97	17.08	82.95	-34.03
0.12	-0.11	0.94	8.35	67.6	-41.01
-0.01	-0.09	0.9	-1.13	37.94	-44.15
-0.08	-0.12	0.94	-7.34	14.26	-43.47
-0.09	-0.18	1.02	-5.86	5.18	-39.1
-0.09	-0.22	1.06	-1.71	-2.21	-30.15
0.01	-0.2	1.01	1.85	16.47	-19.79
0.16	-0.16	0.95	-0.09	45.13	-18.58
0.26	-0.16	0.93	-9.19	75.33	-31.54
0.14	-0.14	0.99	-18.14	83.19	-45.13
0	-0.17	1.04	-24.02	78.85	-48.96
-0.16	-0.19	1.08	-27.16	65.95	-45.94
-0.26	-0.22	1.11	-27.92	50.56	-34.06
-0.3	-0.25	1.13	-28.05	39.56	-19.8
-0.24	-0.22	1.14	-26.05	27.98	-6.47
-0.07	-0.22	1.12	-27.19	30.6	-3.5
-0.02	-0.23	1.13	-29.89	39.56	-3.66
0.03	-0.25	1.14	-29.48	62.87	-3.69
0.04	-0.24	1.13	-30.92	64.34	-14.41
-0.07	-0.23	1.12	-33.36	41.16	-23.22
-0.2	-0.23	1.05	-38.35	17.73	-16.58
-0.19	-0.24	1.06	-38.67	16.37	-10.23
-0.16	-0.27	1.06	-38	11.82	-10.05
-0.12	-0.29	1.11	-36.85	18.66	-13.1
-0.13	-0.29	1.16	-33.44	30.31	-17.21
-0.12	-0.29	1.18	-28.24	36.85	-25.15
-0.14	-0.26	1.13	-25.51	31.37	-32.4
-0.17	-0.24	1.08	-23.53	17.69	-37.97
-0.17	-0.23	1.03	-22.64	5.37	-39.59
-0.15	-0.22	1.03	-22.73	4.31	-42.15
-0.16	-0.25	1.1	-19.98	10.08	-45.85
-0.25	-0.29	1.17	-13.94	18.43	-45.82
-0.29	-0.27	1.2	-7.57	27.11	-43.1
-0.27	-0.24	1.18	-1.4	20.96	-42.18
-0.23	-0.23	1.13	2.15	3.71	-43.31
-0.19	-0.24	1.08	5.68	-4.03	-45.51
-0.17	-0.22	1.09	9.08	-1.68	-45.79
-0.14	-0.22	1.05	9.5	2.08	-49.98
-0.13	-0.21	1.03	8.23	5.5	-55.08
-0.16	-0.19	1.02	5.83	2.5	-58.85
-0.2	-0.18	1.01	4.95	-9.42	-61.57
-0.2	-0.2	1.01	5.37	-26.21	-65.69
-0.16	-0.19	1.01	6.73	-41.39	-69.27
-0.06	-0.23	1	7.56	-49.94	-78.66
-0.05	-0.23	1.02	7.69	-48.56	-89.18
-0.05	-0.24	1.05	8.52	-34.41	-95.18
-0.08	-0.28	1.1	11.83	-14.55	-97.8
-0.22	-0.25	1.12	16.85	-5.47	-90.14
-0.28	-0.21	1.07	24.72	0.17	-66.99
-0.15	-0.19	1.03	28.32	23.94	-55.98
-0.17	-0.17	0.98	25.28	16.56	-56.61
-0.25	-0.17	0.98	23.82	4.92	-53.11
-0.31	-0.16	1	17.48	-8.72	-47.5
-0.31	-0.18	1.04	14.58	-28.58	-42.43
-0.31	-0.18	1.07	14.64	-49.37	-39.36
-0.25	-0.16	1.05	14.06	-60.41	-30.41
-0.12	-0.16	1.06	14.23	-56.29	-22.12
0.01	-0.15	1.08	14.79	-40.85	-22.4
0	-0.15	1.08	16.18	-36.78	-26.43
0.03	-0.17	1.07	19.95	-20.92	-27.65
-0.01	-0.18	1.07	22.08	-4.41	-29.62
-0.11	-0.18	1.08	25.18	-0.76	-30.21
-0.17	-0.15	1.06	27.56	-9.45	-27.08
-0.18	-0.13	1.02	27.6	-16.2	-22.95
-0.17	-0.12	1.03	23.16	-17.68	-18.93
-0.14	-0.14	1.06	21.51	-20.53	-19.57
-0.11	-0.15	1.04	19.4	-29.33	-21.98
-0.06	-0.16	1.07	17.42	-19.01	-23.3
-0.1	-0.17	1.11	21.24	-15.54	-23.73
-0.13	-0.15	1.07	27.51	-18.4	-22.99
-0.11	-0.13	1.03	28.15	-4.02	-17.8
-0.09	-0.13	1.03	26.23	3.1	-17.02
-0.12	-0.13	0.99	30.06	-13.04	-16.09
-0.07	-0.11	0.96	25.69	-21.76	-15.97
-0.07	-0.12	0.94	20.52	-17.57	-15.94
-0.08	-0.12	0.94	21.53	-25.42	-15.88
-0.03	-0.12	0.93	23.36	-19.89	-15.21
-0.04	-0.11	0.89	25.02	-15.02	-14.27
-0.02	-0.1	0.87	26.09	-13.36	-12.32
-0.01	-0.08	0.87	25.36	-8.17	-11.92
-0.04	-0.07	0.83	23.04	-5.98	-9.08
-0.07	-0.06	0.85	20.82	-3.44	-6.81
-0.08	-0.06	0.84	17.57	-12.9	-6.87
-0.08	-0.05	0.81	12.79	-25.66	-6.89
-0.05	-0.07	0.8	9.25	-33.89	-6.18
-0.04	-0.07	0.84	9.21	-36.32	-5.1
-0.03	-0.07	0.85	8.61	-33.33	-3.89
-0.02	-0.07	0.84	10.64	-28.03	-2.2
-0.02	-0.05	0.83	11.86	-29.65	-1.45
-0.01	-0.06	0.8	13.22	-27.42	1.07
0.01	-0.05	0.78	14.41	-25.02	1.89
0	-0.06	0.78	17.56	-23.92	4.96
0	-0.05	0.81	18.96	-24.76	6.76
-0.01	-0.06	0.85	20.98	-29.57	10
0	-0.03	0.81	21.91	-29.63	11.42
-0.02	-0.03	0.76	20.85	-31.91	13.92
0.01	-0.01	0.75	19.3	-31.28	18.78
0.09	0	0.76	18.15	-20.46	21.05
0.11	0.01	0.79	19.44	-12.35	21.15
0.12	0	0.77	19.71	-14.35	19.83
0.14	0	0.76	19.44	-18.37	18
0.15	0.01	0.74	18	-18.44	16.37
0.18	0	0.76	17.25	-16.47	12.05
0.15	0	0.76	17.18	-18.63	9.31
0.11	0.01	0.78	16.44	-22.09	8.98
0.12	0.02	0.78	16.32	-23.01	11.27
0.17	0.02	0.79	14.58	-17.02	13.15
0.18	0	0.82	13.63	-14.69	12.81
0.18	0	0.85	13.18	-14.98	12.31
0.18	0	0.84	13.13	-15.92	12.79
0.18	0	0.85	12.38	-18.06	11.04
0.19	0.02	0.85	12.37	-16.06	10
0.2	0	0.86	12.84	-3.18	10.4
0.18	0	0.87	12.78	2.44	11.37
0.15	0.02	0.85	11.88	5.86	13.76
0.14	0.03	0.85	9.86	6.93	16.12
0.15	0.04	0.84	7.33	1.74	16.7
0.17	0.04	0.84	4.72	0.95	15.77
0.18	0.05	0.84	2.11	0.06	14.44
0.21	0.05	0.84	0.24	0.15	11.59
0.2	0.05	0.85	-1.77	-2.31	8.56
0.19	0.04	0.86	-2.6	-1.42	9.01
0.2	0.04	0.85	-2.95	3.51	10.14
0.19	0.05	0.85	-2.61	4.41	10.73
0.16	0.06	0.84	-2.18	-2.2	9.07
0.14	0.07	0.8	-4.32	-9.08	8.81
0.17	0.08	0.78	-7.83	-11.3	9.11
0.21	0.08	0.78	-12.14	-12.73	8.79
0.23	0.09	0.78	-15.74	-15.01	5.88
0.21	0.08	0.77	-18.81	-18.99	4.63
0.21	0.08	0.77	-22.53	-14.02	6.11
0.2	0.07	0.79	-25.86	-12.61	5.91
0.2	0.07	0.81	-27.68	-14.75	4.92
0.17	0.05	0.82	-28.78	-17.85	5.47
0.22	0.03	0.82	-28.02	-14.4	6.93
0.25	0.05	0.81	-26.84	-11.19	7.62
0.23	0.03	0.82	-23.85	-6.38	7.48
0.23	0.01	0.79	-20.63	-2.98	8.78
0.26	0.03	0.81	-19.36	5.31	10.2
0.24	0.02	0.82	-15.76	10.29	11.39
0.23	0.02	0.83	-11.19	9.27	11.71
0.24	0.02	0.83	-7.68	5.69	10.05
0.25	0.02	0.81	-5.8	5.19	9.07
0.25	0.02	0.8	-5.01	4.15	8.66
0.27	0.02	0.8	-5.53	3.24	7.79
0.27	0.01	0.81	-4.35	4.7	6.05
0.27	0.02	0.81	-3.8	7.6	5.05
0.24	0.02	0.81	-2.96	10.08	4.03
0.2	0.04	0.79	-4.08	6.6	3.83
0.19	0.06	0.78	-5.36	2.69	3.18
0.2	0.06	0.77	-8.37	-1.24	3.39
0.25	0.04	0.81	-10.64	-2.79	2.78
0.27	0.03	0.86	-10.64	-0.37	1.36
0.28	0.01	0.88	-9.74	1.21	-1.05
0.25	0.02	0.89	-8.56	-1.4	-0.9
0.25	0.01	0.89	-8.98	0.67	-0.89
0.24	0.01	0.91	-8.38	2.66	-0.35
0.24	0.01	0.9	-6.52	2.05	-0.69
0.21	0.02	0.87	-6.23	-0.79	-0.89
0.21	0.04	0.88	-6.95	-4.87	-0.67
0.23	0.03	0.88	-8.02	-8.43	-0.18
0.24	0.02	0.92	-7.5	-10.85	-0.98
0.25	-0.01	0.95	-5.97	-11.48	-1.42
0.24	-0.01	0.94	-3.13	-10.67	-2.06
0.22	0.01	0.92	-2.46	-12.32	-1.82
0.2	0.03	0.89	-3.44	-12.95	-0.85
0.2	0.04	0.87	-5.62	-11.39	0.24
0.21	0.05	0.88	-8.38	-13.65	0.99
0.24	0.04	0.89	-10.46	-12.46	2.29
0.28	0.02	0.92	-11.18	-6.2	3.47
0.3	0	0.94	-9.11	-0.66	3.01
0.28	-0.01	0.95	-5.79	-0.05	2.29
0.26	0	0.93	-2.96	-2.76	0.56
0.22	0.01	0.88	-2.38	-7.94	-0.23
0.21	0.03	0.86	-3.83	-12.32	0.41
0.24	0.04	0.86	-4.64	-13.88	1.42
0.27	0.03	0.85	-5.5	-10.89	1.6
0.3	0.01	0.86	-6.53	-9.04	0.79
0.3	0.02	0.85	-7.91	-8.03	-0.31
0.3	0.01	0.86	-9.92	-6.15	-0.21
0.28	0	0.88	-10.73	-6.78	-1.48
0.26	0	0.89	-9.98	-11.31	-2.32
0.26	0	0.89	-7.79	-11.36	-2.95
0.27	0.01	0.87	-5.27	-10.6	-3.11
0.26	0.02	0.86	-4.43	-11.89	-3.69
0.28	0.02	0.86	-2.96	-10.96	-3.42
0.28	0.01	0.88	-2.24	-6.52	-3.27
0.27	0.01	0.89	-1.51	-3.3	-2.64
0.27	0.01	0.88	-1.33	-1.89	-1.74
