acce_x	 acce_y	 acce_z	gyro_x	gyro_y	gyro_z
0.05	-0.1	0.91	-7.34	0.12	-0.2
0.04	-0.1	0.91	-6.27	1.85	-0.7
0.04	-0.1	0.92	-6.32	-0.05	-0.17
0.04	-0.11	0.9	-6.87	-0.05	-0.49
0.03	-0.1	0.9	-6.89	-0.02	0.11
0.03	-0.1	0.91	-7.33	-1.13	0.44
0.04	-0.11	0.91	-7.79	0.44	0.23
0.04	-0.1	0.91	-7.62	1.16	0.18
0.04	-0.1	0.92	-7.28	0.18	0.37
0.05	-0.11	0.93	-6.67	1.39	0.21
0.03	-0.1	0.93	-6.26	2.43	0.18
0.05	-0.1	0.92	-6.2	0.61	0.67
0.04	-0.1	0.93	-6.21	-0.11	0.69
0.05	-0.09	0.92	-7.05	0.52	0.64
0.05	-0.1	0.91	-6.93	1.66	0.37
0.05	-0.1	0.92	-7.16	1.13	0.21
0.05	-0.1	0.9	-7.5	0.81	-0.09
0.05	-0.1	0.91	-7.66	1.71	-0.5
0.05	-0.11	0.91	-7.68	1.73	-0.89
0.04	-0.11	0.92	-7.54	1.15	-0.96
0.05	-0.11	0.92	-7.34	1.66	-1.05
0.04	-0.11	0.92	-6.87	1.65	-0.46
0.05	-0.1	0.91	-7.05	1.16	-0.23
0.04	-0.1	0.91	-7.59	1.18	-0.5
0.04	-0.1	0.91	-7.33	1.08	-0.63
0.04	-0.1	0.92	-7.4	1.47	-0.89
0.03	-0.1	0.92	-7.79	1.4	-0.95
0.02	-0.1	0.89	-8.31	0.73	-0.31
0.03	-0.11	0.91	-8.87	-0.63	0.79
0.03	-0.1	0.91	-9.45	-0.78	1.04
0.04	-0.1	0.92	-8.84	0.49	1.59
0.04	-0.11	0.93	-8.29	2.05	1.16
0.04	-0.1	0.93	-7.08	2.7	0.75
0.03	-0.1	0.92	-6.76	0.9	1.18
0.04	-0.1	0.91	-6.99	-0.09	1.71
0.04	-0.1	0.92	-7.39	-0.93	1.91
0.04	-0.11	0.92	-7.77	-0.93	1.53
0.05	-0.1	0.93	-7.8	0.2	1.31
0.05	-0.1	0.92	-8.14	1.66	0.87
0.05	-0.1	0.92	-7.4	0.98	1.33
0.05	-0.11	0.93	-7.19	1.04	0.93
0.05	-0.11	0.93	-6.66	-0.03	0.89
0.06	-0.11	0.93	-6.55	-0.26	0.75
0.06	-0.11	0.92	-6.27	-0.05	-0.03
0.05	-0.11	0.93	-6.75	-0.85	0.27
0.05	-0.11	0.93	-7.27	-1.48	0.35
0.05	-0.11	0.93	-6.93	-1.13	-0.11
0.05	-0.11	0.94	-6.12	0.61	-0.78
0.06	-0.11	0.94	-5.22	2.32	-1.11
0.05	-0.11	0.93	-4.43	2.66	-1.15
0.05	-0.11	0.92	-3.57	1.98	-1.25
0.05	-0.11	0.92	-4.09	0.32	-1.05
0.04	-0.11	0.9	-5.07	-1.27	-0.76
0.04	-0.11	0.9	-5.79	-0.82	-0.85
0.05	-0.11	0.9	-6.69	0.29	-0.98
0.04	-0.11	0.92	-6.63	0.08	-1.1
0.05	-0.11	0.91	-6	0.9	-1.53
0.04	-0.1	0.9	-6.11	1.44	-1.08
0.04	-0.1	0.92	-5.85	0.92	-0.52
0.04	-0.11	0.92	-6.43	0.38	-0.24
0.05	-0.11	0.91	-6.21	-0.06	-0.14
0.05	-0.11	0.91	-6.03	-0.56	-0.43
0.05	-0.11	0.91	-6.63	-0.49	-0.52
0.04	-0.11	0.91	-6.31	0.41	-0.5
0.04	-0.11	0.92	-6.47	1.71	-0.84
0.04	-0.1	0.93	-6.6	1.28	-1.04
0.05	-0.11	0.91	-6.21	0.78	-1.05
0.04	-0.11	0.92	-6.5	0.18	-0.84
0.05	-0.11	0.91	-6.02	0.87	-0.79
0.05	-0.1	0.92	-6.24	0.44	-1.28
0.05	-0.11	0.91	-6.6	-0.67	-0.87
0.04	-0.11	0.91	-6.76	-0.17	-0.87
0.05	-0.11	0.92	-6.4	0.11	-0.84
0.04	-0.11	0.93	-6.18	0.17	-0.9
0.05	-0.1	0.93	-5.94	1.01	-1.34
0.04	-0.1	0.92	-5.69	1.08	-1.1
0.04	-0.1	0.92	-5.79	-0.08	-0.27
0.04	-0.1	0.92	-5.95	-0.27	-0.23
0.05	-0.1	0.92	-5.69	-0.46	-0.43
0.05	-0.1	0.92	-5.69	-1.83	-0.18
0.05	-0.1	0.93	-5.69	-1.48	-0.2
0.05	-0.1	0.93	-5.59	-0.61	-0.35
0.06	-0.1	0.93	-5.01	-0.32	-0.49
0.06	-0.1	0.92	-5.37	-0.63	-0.32
0.05	-0.1	0.91	-5.1	-1.37	-0.5
0.05	-0.09	0.92	-5.62	-2.87	0.09
0.06	-0.1	0.91	-5.16	-3.07	0.21
0.06	-0.09	0.92	-5.4	-2.02	-0.27
0.07	-0.1	0.92	-5.13	-0.7	-1.13
0.06	-0.1	0.92	-5.1	0.82	-1.69
0.05	-0.1	0.91	-4.93	0.81	-1.63
0.05	-0.1	0.89	-5.44	0.95	-1.42
0.04	-0.1	0.88	-6.47	1.08	-0.99
0.04	-0.1	0.9	-7.47	1.92	-0.81
0.06	-0.1	0.91	-7.11	2.35	-1.57
0.06	-0.1	0.9	-6.66	2.82	-2.46
0.04	-0.1	0.9	-7.04	4.14	-3.3
0.04	-0.09	0.9	-6.64	4.27	-2.67
0.05	-0.1	0.92	-6.64	4	-2.93
0.05	-0.1	0.93	-6.38	2.69	-2.53
0.06	-0.09	0.93	-6.14	3.19	-3.3
0.04	-0.09	0.92	-5.33	0.17	-2.53
0.04	-0.1	0.93	-5.76	-1.56	-1.86
0.05	-0.09	0.92	-5.21	1.45	-2.18
0.03	-0.1	0.91	-5.48	1.92	-1.62
0.03	-0.1	0.92	-5.79	0.32	-0.73
0.03	-0.09	0.91	-5.5	-1.31	-0.02
0.05	-0.1	0.91	-4.6	-1.69	0.03
0.08	-0.09	0.91	-6.69	0.64	-0.93
0.05	-0.1	0.94	-5.33	2.4	-1.42
0.05	-0.09	0.92	-5.13	0.7	-0.72
0.06	-0.09	0.92	-5.79	-0.27	-0.03
0.05	-0.1	0.91	-6.72	1.56	-0.7
0.06	-0.1	0.92	-6.75	0.41	0.06
0.05	-0.1	0.93	-6.61	0.38	0
0.06	-0.09	0.92	-6.14	1.54	-0.21
0.06	-0.1	0.92	-6.24	3.07	-1.28
0.05	-0.11	0.93	-5.31	4.18	-0.52
0.05	-0.1	0.92	-4.63	7.56	-0.67
0.04	-0.11	0.93	-2.38	8.52	0.12
0.01	-0.12	0.95	-1.28	8.21	3.31
-0.02	-0.06	0.95	-1.68	5.05	12.03
0.04	-0.1	0.9	-1.33	15.22	9.25
0.09	-0.09	0.91	-0.41	23.02	6.96
0.03	-0.09	0.9	-2.73	26.95	5.62
-0.02	-0.11	0.9	-0.34	20.43	8.31
0.02	-0.09	0.89	-2.17	12.95	8.11
0.04	-0.09	0.9	-2.64	6.09	6.34
0.03	-0.09	0.91	-2.29	1.62	5.36
0.05	-0.08	0.9	-4.15	1.21	3.11
0.05	-0.08	0.9	-5.63	0.23	2.82
0.05	-0.09	0.91	-6.38	0.92	1.8
0.04	-0.09	0.91	-6.92	1.45	1.19
0.03	-0.09	0.91	-7.16	-1.62	1.16
0.04	-0.1	0.92	-7.07	-1.82	0.47
0.03	-0.1	0.93	-6.73	-0.72	0.08
0.03	-0.09	0.92	-6.18	1.18	0.06
0.03	-0.08	0.92	-6.41	-0.47	0.6
0.03	-0.08	0.92	-6.64	-2.21	1.28
0.03	-0.09	0.91	-6.9	-2.4	1.65
0.04	-0.08	0.93	-6.18	-0.35	0.75
0	-0.06	0.93	-3.15	1.94	0.78
0.04	-0.07	0.91	-6.58	3.15	0.2
0.02	-0.09	0.91	-5.54	-6.18	0.87
0.03	-0.09	0.9	-6.26	-6.09	1.04
0.02	-0.09	0.93	-6.56	-3.68	1.05
0.02	-0.09	0.93	-6.29	-2.37	1.48
0.03	-0.08	0.92	-6.41	0.06	1.13
0.02	-0.08	0.92	-6.9	0.38	1.44
0.02	-0.09	0.92	-6.64	-0.02	1.71
0.03	-0.09	0.93	-6.08	-1.98	2.08
0.03	-0.09	0.92	-5.36	-2.17	1.51
0.03	-0.09	0.93	-4.96	-1.94	1.47
0.03	-0.09	0.92	-3.82	-0.43	1.36
0.04	-0.09	0.92	-4.05	0.87	1.07
0.03	-0.09	0.92	-3.89	0.46	0.85
0.03	-0.09	0.91	-4.58	0.24	0.63
0.03	-0.09	0.9	-4.81	-0.96	1.05
0.03	-0.09	0.89	-5.8	-2.61	1.22
0.03	-0.09	0.89	-6.64	-3.8	1.56
0.03	-0.09	0.9	-7.82	-3.77	1.86
0.04	-0.09	0.91	-7.69	-2.58	1.68
0.05	-0.09	0.91	-7.36	-0.43	0.81
0.04	-0.09	0.92	-6.4	-0.35	0.34
0.05	-0.09	0.92	-5.86	-1.19	-0.05
0.05	-0.08	0.92	-5.82	-1.95	-0.4
0.04	-0.09	0.92	-5.94	-3.36	-0.44
0.05	-0.08	0.91	-6.56	-3.69	-0.15
0.05	-0.09	0.91	-7.04	-2.41	-0.2
0.05	-0.09	0.91	-7.42	-0.76	-0.78
0.04	-0.09	0.92	-7.13	-0.81	-0.79
0.05	-0.09	0.92	-7.25	-0.23	-1.33
0.05	-0.09	0.91	-7.19	-0.35	-1.6
0.05	-0.09	0.92	-7.04	-0.87	-1.94
0.05	-0.09	0.91	-6.81	-1.21	-1.69
0.04	-0.09	0.92	-7.01	-1.79	-1.05
0.05	-0.09	0.93	-6.96	-0.87	-1.42
0.05	-0.09	0.92	-6.63	-1.05	-1.21
0.05	-0.08	0.93	-6.5	-0.2	-1.76
0.05	-0.09	0.93	-6.56	1.01	-2.21
0.05	-0.09	0.92	-6.9	0.58	-2.18
0.05	-0.08	0.91	-7.1	0.9	-2.35
0.04	-0.09	0.91	-7.3	1.39	-2.43
0.04	-0.09	0.92	-6.75	1.65	-2.92
0.03	-0.09	0.92	-6.69	1.4	-2.69
0.03	-0.09	0.92	-6.44	1.1	-2.34
0.03	-0.08	0.92	-6.96	0.38	-1.95
0.03	-0.08	0.92	-6.99	-0.12	-1.16
0.04	-0.09	0.91	-7.28	0.24	-1.27
0.05	-0.08	0.91	-7.18	0.82	-1.4
0.05	-0.08	0.92	-7.05	2.82	-2.06
0.04	-0.08	0.91	-6.43	3.6	-2.09
0.03	-0.08	0.9	-6.5	1.86	-1.53
0.04	-0.09	0.91	-6.61	3.66	-2.44
0.04	-0.09	0.91	-5.91	5.71	-2.93
0.04	-0.09	0.93	-5.24	6.79	-3.04
0.03	-0.09	0.93	-5.16	8.2	-3.27
0.03	-0.09	0.93	-4.26	8.02	-2.89
0.03	-0.09	0.92	-3.77	6.44	-2.4
0.03	-0.08	0.91	-3.66	3.8	-1.54
0.04	-0.08	0.91	-3.98	2.41	-1.13
0.03	-0.09	0.9	-4.76	1.04	-1.15
0.04	-0.09	0.9	-6.61	-0.06	-1.15
0.03	-0.09	0.9	-7.79	-0.82	-0.61
0.04	-0.08	0.92	-7.98	-0.2	-0.69
0.04	-0.08	0.92	-7.54	1.54	-0.93
0.06	-0.08	0.93	-6.81	3.63	-1.71
0.04	-0.09	0.93	-6.49	2.81	-1.97
0.03	-0.09	0.91	-7.11	0.2	-1.31
0.04	-0.09	0.91	-7.68	0.11	-1.6
0.03	-0.09	0.91	-8.15	-0.44	-0.92
0.05	-0.09	0.93	-8	0.66	-1.25
0.04	-0.08	0.94	-7.76	1.34	-1.79
0.04	-0.09	0.94	-6.9	0.47	-1.8
0.04	-0.08	0.94	-6.14	0.18	-2.35
0.02	-0.09	0.93	-5.62	0.12	-1.77
0.02	-0.08	0.92	-5.25	-1.51	-0.63
0.01	-0.08	0.92	-5.65	-2.69	0.63
0.02	-0.08	0.91	-5.77	-2.61	1.1
0.03	-0.08	0.92	-5.51	-2.05	1.21
0.04	-0.08	0.93	-4.63	-1.07	0.46
0.04	-0.09	0.92	-4.41	-0.69	0.02
0.03	-0.08	0.91	-4.6	-0.99	0.08
0.03	-0.08	0.9	-6.05	-2.08	1.01
0.03	-0.08	0.9	-6.84	-2.61	1.37
0.04	-0.08	0.91	-7.44	-2.14	1.79
0.04	-0.08	0.92	-7.68	-2.03	1.57
0.04	-0.08	0.92	-7.18	-1.56	1.54
0.04	-0.08	0.92	-7.27	-2.27	1.28
0.05	-0.07	0.93	-7.44	-1.74	0.99
0.06	-0.08	0.92	-7.56	-0.12	0.11
0.07	-0.08	0.93	-7.31	-0.32	-0.78
0.06	-0.08	0.94	-6.66	0.38	-1.65
0.06	-0.08	0.95	-5.85	1.77	-2.05
0.05	-0.08	0.94	-4.49	0.09	-1.89
0.05	-0.08	0.92	-3.85	0.17	-2.26
0.03	-0.08	0.92	-4.12	0.93	-2.37
0.03	-0.08	0.91	-4.47	0.23	-1.31
0.03	-0.08	0.91	-5.74	-1.48	-0.37
0.04	-0.08	0.89	-5.74	-0.93	-0.5
0.02	-0.08	0.91	-7.25	-2.79	0.12
0.05	-0.08	0.93	-6.14	-1.8	-0.12
0.06	-0.08	0.91	-6.44	1.59	-1.68
0.04	-0.08	0.92	-6.26	-0.2	-1.13
0.05	-0.08	0.92	-6.73	0.93	-1.15
0.04	-0.08	0.91	-6.92	1.88	-0.67
0.04	-0.08	0.91	-7.63	-0.67	0.46
0.03	-0.08	0.92	-7.36	-3.02	1.15
0.05	-0.08	0.92	-7.8	-1.76	0.2
0.05	-0.08	0.92	-7.57	-0.53	-0.38
0.04	-0.08	0.92	-7.82	-0.14	0.08
0.04	-0.08	0.92	-7.71	0.81	0.15
0.05	-0.09	0.93	-7.22	2.47	0.03
0.06	-0.09	0.92	-6.52	2.64	-0.17
0.06	-0.08	0.91	-6.66	1.15	0.09
0.05	-0.09	0.91	-7.34	-1.91	0.7
0.05	-0.09	0.91	-7.71	-1.92	0.53
0.06	-0.08	0.92	-7.54	-1.08	0.09
0.06	-0.08	0.92	-7.59	0.64	-0.96
0.06	-0.09	0.92	-8.06	3.56	-1.48
0.05	-0.08	0.92	-7.73	4.81	-1.51
0.05	-0.08	0.91	-7.74	2.61	-0.96
0.05	-0.08	0.9	-8.98	0.47	-0.53
0.05	-0.08	0.91	-9.13	-0.46	-0.35
0.05	-0.08	0.92	-8.81	-0.11	-0.46
0.04	-0.08	0.92	-8.69	-0.66	0.08
0.04	-0.08	0.92	-8.35	-1.08	0.5
0.04	-0.08	0.92	-8.38	-0.21	0.4
0.05	-0.08	0.93	-9.08	1.3	0.17
0.04	-0.08	0.92	-8.61	1.5	0.05
0.04	-0.08	0.92	-8.64	1.59	0.12
0.03	-0.08	0.92	-8.21	0.46	0.5
0.04	-0.08	0.94	-7.88	0.08	1.07
0.04	-0.08	0.94	-7.27	-1.3	1.4
0.04	-0.08	0.94	-7.07	-2.15	1.98
0.04	-0.08	0.93	-7.04	-1.1	1.83
0.03	-0.09	0.93	-7.27	0.37	1.73
0.03	-0.08	0.93	-6.87	-1.4	2.78
0.05	-0.09	0.93	-6	-2.21	2.43
0.05	-0.08	0.93	-5.88	-2.26	2.53
0.05	-0.08	0.93	-5.45	-3.04	2.7
0.07	-0.08	0.92	-5.42	-1.33	1.73
0.06	-0.08	0.92	-5.42	-0.05	1.02
0.06	-0.08	0.92	-5.3	1.02	0.92
0.05	-0.09	0.93	-5.6	0.47	0.64
0.06	-0.09	0.92	-5.65	-0.18	0.53
0.06	-0.08	0.92	-5.39	0.66	0.14
0.06	-0.09	0.92	-5.3	0.66	-0.11
0.06	-0.09	0.91	-5.76	0.98	-0.29
0.05	-0.09	0.91	-5.36	0.78	-0.14
0.05	-0.09	0.9	-5.44	-0.03	0.32
0.04	-0.1	0.9	-6.08	-0.64	0.79
0.06	-0.1	0.9	-6.4	0.24	0.34
0.06	-0.1	0.92	-6.24	1.94	-0.21
0.05	-0.09	0.91	-6.12	2.06	-0.06
0.05	-0.09	0.9	-6.95	0.96	0.49
0.05	-0.09	0.9	-8.08	-0.99	1.25
0.05	-0.09	0.91	-7.86	-1.98	1.74
0.07	-0.09	0.92	-7.19	0.34	1.4
0.07	-0.09	0.93	-6.6	0.81	0.56
0.07	-0.09	0.93	-5.94	0.29	-0.05
0.06	-0.09	0.93	-5.86	0.75	-1.21
0.05	-0.09	0.93	-5.76	0.64	-1.07
0.06	-0.09	0.92	-5.69	-0.66	-0.61
0.06	-0.09	0.92	-5.42	0.08	-0.9
0.05	-0.08	0.92	-5.31	0.89	-1.01
0.04	-0.09	0.91	-5.69	1.71	-0.87
0.04	-0.08	0.89	-6.27	0.7	-0.21
0.05	-0.08	0.91	-6.61	-0.96	0.34
0.06	-0.07	0.92	-6.89	-0.49	-0.11
0.07	-0.08	0.92	-6.15	1.65	-1.25
0.07	-0.08	0.93	-5.21	6.55	-4.08
0.07	-0.08	0.92	-5.3	8.24	-4.61
0.05	-0.07	0.91	-5.51	6.93	-4.5
0.05	-0.09	0.92	-5.95	7.89	-4.81
0.04	-0.09	0.92	-6.34	9.07	-5.07
0.03	-0.09	0.91	-5.85	9.65	-4.35
0.03	-0.09	0.91	-5.95	9.18	-3.77
0.04	-0.09	0.91	-5.79	9.37	-3.65
0.03	-0.08	0.92	-5.24	8.73	-3.18
0	-0.09	0.91	-5.94	-2.85	-0.53
0.03	-0.11	0.92	-9.27	11.63	-5.22
0.07	-0.1	0.82	-7.57	14.35	-4.64
0.03	-0.11	0.96	-7.56	9.71	-2.49
0.02	-0.08	0.9	-11.07	2.96	-1.01
0.04	-0.09	0.92	-8.24	1.8	-0.92
0.04	-0.09	0.92	-7.73	4.11	-0.85
0.03	-0.09	0.92	-5.82	0.26	0.03
0.03	-0.09	0.92	-5.86	2.31	-0.02
0.04	-0.09	0.92	-5.4	3.59	-0.78
0.03	-0.09	0.92	-5.54	1.31	-0.81
0.03	-0.09	0.91	-6.4	-0.49	-0.44
0.05	-0.09	0.92	-6.53	2.9	-1.76
0.05	-0.09	0.94	-5.92	8.99	-3.91
0.04	-0.08	0.94	-4.84	9.54	-3.65
0.02	-0.08	0.93	-4.76	8.6	-2.89
0.01	-0.07	0.93	-4.99	7.82	-2.24
0.02	-0.08	0.93	-4.02	5.59	-2.09
0.03	-0.08	0.92	-5.44	7.21	-3.4
0.01	-0.07	0.92	-5.54	6.15	-2.35
0.01	-0.07	0.92	-7.04	4.35	-1.37
0.02	-0.08	0.91	-7.57	2.78	-0.56
0.02	-0.07	0.91	-7.47	0.2	-0.44
0.05	-0.07	0.9	-8.03	2.41	-0.69
0.03	-0.08	0.93	-6.26	5.18	-1.94
0.02	-0.08	0.92	-5.74	12.02	-3.31
0	-0.08	0.92	-4.58	11.94	-2.49
0.01	-0.09	0.9	-6	12.18	-2.84
0.01	-0.08	0.91	-7.88	11.02	-2.87
0	-0.08	0.91	-9.44	5.51	-0.78
0.03	-0.09	0.9	-11.05	3.89	-0.64
0.03	-0.08	0.92	-10.84	5.4	-0.72
0.03	-0.09	0.94	-8.82	8.38	-0.98
0.01	-0.09	0.93	-7.71	10.26	-0.47
0.01	-0.09	0.94	-5.85	6.99	0.17
0.03	-0.09	0.92	-7.37	7.47	-0.9
0.03	-0.08	0.92	-7.01	8.44	-1.31
0.02	-0.09	0.92	-9.1	8.2	-0.87
0.01	-0.09	0.9	-12.9	2.11	0.29
0	-0.1	0.87	-16.6	-4.06	1.66
0.03	-0.08	0.89	-25.83	5.4	-0.17
0	-0.11	0.95	-18.03	1.45	-1.86
0.01	-0.08	0.95	-17.4	3.59	-2.14
0	-0.1	0.93	-15.65	7.76	-3.4
-0.01	-0.09	0.92	-16.18	2.96	-1.3
-0.01	-0.1	0.9	-15.51	-2.4	0.41
-0.01	-0.1	0.9	-17.76	1.1	0.35
0	-0.1	0.91	-19.07	7.08	-0.5
0	-0.1	0.93	-16.6	7.65	0.26
-0.01	-0.11	0.94	-14.31	9.54	0.05
-0.01	-0.11	0.94	-12.87	12.27	-0.61
-0.01	-0.12	0.93	-10.99	13.18	-0.82
-0.02	-0.11	0.93	-11.08	8.15	0.7
-0.02	-0.11	0.9	-11.73	3.53	1.33
-0.01	-0.1	0.91	-13.22	2.06	1.31
0	-0.11	0.9	-13.42	1.22	1.6
-0.01	-0.12	0.92	-13.21	0.81	1.85
-0.01	-0.12	0.91	-13.13	1.59	1.53
0	-0.12	0.93	-11.79	3.73	0.76
0	-0.11	0.92	-10.79	5.13	0.14
0	-0.11	0.92	-10.34	6.98	-0.38
0	-0.11	0.91	-11.04	8.47	-0.78
-0.01	-0.12	0.91	-11.37	8.21	-0.99
-0.01	-0.12	0.89	-12.5	9.47	-2.31
-0.02	-0.09	0.92	-14.9	7.73	-1.82
-0.02	-0.11	0.91	-13.57	7.13	-1.42
-0.01	-0.12	0.93	-11.04	8.23	-1.6
0	-0.13	0.93	-9.65	10.99	-3.33
-0.01	-0.13	0.94	-8.44	12.37	-4.23
-0.03	-0.13	0.94	-7.47	9.22	-3.34
-0.06	-0.13	0.94	-6.09	2.46	-1.54
-0.03	-0.13	0.93	-5.71	7.25	-1.86
-0.03	-0.12	0.91	-6.49	7.54	-2.52
-0.04	-0.12	0.92	-5.94	0.85	-0.17
-0.02	-0.12	0.91	-7.19	4.03	-0.66
-0.02	-0.13	0.92	-6.43	6.93	-1.88
-0.03	-0.13	0.93	-5.47	6.58	-1.73
-0.04	-0.13	0.93	-4.38	5.18	-1.59
-0.04	-0.13	0.92	-3.57	3.71	-1.01
-0.04	-0.13	0.9	-3.44	0.95	-0.58
-0.03	-0.13	0.89	-4.26	-0.11	-0.31
-0.03	-0.13	0.9	-5.88	1.51	-0.46
-0.03	-0.12	0.9	-6.52	0.7	-0.23
-0.03	-0.12	0.92	-5.95	-1.71	0.09
-0.01	-0.12	0.92	-5.68	1.07	-1.22
-0.02	-0.12	0.92	-5.44	2.66	-2.08
-0.02	-0.12	0.92	-5.25	2.7	-1.88
-0.02	-0.12	0.93	-5.51	1.94	-1.28
-0.03	-0.12	0.91	-5.59	1.15	-0.85
-0.04	-0.12	0.91	-5.74	-2.17	-0.15
-0.02	-0.12	0.91	-5.79	-3.51	0.34
-0.03	-0.13	0.91	-6.17	-3.69	0.06
-0.03	-0.12	0.92	-6.08	-3.66	-0.43
-0.02	-0.13	0.92	-6.06	-2.87	-0.87
-0.02	-0.13	0.92	-6.2	-0.99	-1.36
-0.02	-0.12	0.92	-6.08	-1.5	-1.37
-0.01	-0.12	0.92	-6.32	-2.93	-0.96
-0.02	-0.12	0.92	-6.44	-1.97	-1.07
-0.02	-0.13	0.92	-6.47	-2.72	-0.17
-0.02	-0.12	0.91	-6.38	-3.86	0.15
-0.01	-0.13	0.91	-6.56	-5.21	-0.02
0	-0.12	0.91	-6.41	-4.66	-1.01
-0.01	-0.13	0.92	-6.52	-3.73	-1.77
-0.02	-0.12	0.92	-5.51	-2.56	-1.89
-0.03	-0.13	0.91	-5.92	-1.95	-1.3
-0.04	-0.12	0.91	-6.06	-2.98	-0.31
-0.03	-0.13	0.92	-6.7	-5.18	0.76
-0.03	-0.13	0.92	-6.82	-6.72	1.45
-0.01	-0.12	0.93	-7.02	-4.92	0.9
-0.01	-0.12	0.93	-6.46	-3.8	0.15
-0.01	-0.11	0.92	-5.65	-3.04	-0.38
-0.01	-0.13	0.91	-5.42	-2.61	-0.38
-0.02	-0.12	0.91	-4.6	-3.82	-0.32
-0.01	-0.12	0.91	-4.43	-4.47	-0.52
-0.01	-0.13	0.92	-4.34	-3.54	-1.05
-0.01	-0.12	0.91	-4.35	-1.22	-1.19
-0.01	-0.12	0.92	-4.23	0.61	-1.19
-0.01	-0.11	0.91	-4.52	1.36	-2.02
0	-0.12	0.91	-4.56	0.2	-1.97
-0.01	-0.11	0.91	-5.08	-0.52	-1.88
-0.01	-0.12	0.9	-5.54	-0.4	-1.65
-0.01	-0.11	0.91	-5.77	-0.32	-1.4
-0.01	-0.12	0.91	-5.89	-0.87	-1.15
-0.02	-0.12	0.9	-5.54	-1.01	-0.99
-0.02	-0.12	0.91	-5.48	-1.08	-0.63
-0.01	-0.11	0.92	-5.5	-1.92	-0.06
-0.01	-0.11	0.91	-4.66	-2.09	0.02
0	-0.11	0.93	-4.89	-1.79	-0.34
-0.01	-0.12	0.92	-5.34	-0.09	-0.49
0	-0.11	0.92	-5.91	1.3	-0.53
-0.01	-0.11	0.91	-6.64	0.2	-0.31
-0.01	-0.12	0.92	-6.89	-0.49	-0.41
-0.01	-0.12	0.92	-6.82	1.1	-0.11
-0.01	-0.11	0.93	-5.94	-0.73	0.35
0	-0.11	0.93	-5.88	-1.88	0.27
0	-0.11	0.92	-5.05	-1.86	0.18
0	-0.12	0.93	-5.05	-2.05	0.29
0.01	-0.12	0.93	-4.78	-3.1	0.38
0.01	-0.11	0.91	-3.98	-3.77	0.58
0	-0.11	0.91	-4.43	-4.12	0.55
0.01	-0.12	0.9	-4.66	-2.38	-0.24
0	-0.11	0.92	-6.06	-0.69	-0.75
0	-0.11	0.91	-5.8	0.12	-0.79
0	-0.11	0.91	-6.5	1.54	-0.5
-0.01	-0.11	0.9	-6.06	1.83	-0.78
0	-0.11	0.91	-5.51	0.26	-0.44
0	-0.11	0.91	-5.25	0.17	-0.31
0	-0.11	0.91	-5.66	-0.95	-0.11
0	-0.11	0.9	-6.23	-1.76	-0.27
0	-0.11	0.91	-7.15	0.32	-0.5
-0.01	-0.11	0.93	-6.79	1.73	-0.56
-0.01	-0.12	0.92	-6.69	-0.38	0.37
0	-0.11	0.94	-5.44	-2.56	0.95
0.02	-0.11	0.93	-5.22	-1.62	0.44
0.01	-0.12	0.92	-5.54	-1.59	-0.05
0.01	-0.11	0.92	-6.06	-2.7	0.21
0.02	-0.11	0.92	-5.86	-2.31	-0.12
0.02	-0.11	0.92	-5.47	-1.07	-1.04
0	-0.11	0.93	-5.16	1.42	-1.77
0	-0.12	0.92	-5.22	1.04	-1.39
0.01	-0.11	0.93	-4.95	0.27	-1.18
0.01	-0.11	0.92	-4.81	-0.46	-1.1
0	-0.11	0.9	-5.94	-1.07	-0.64
-0.01	-0.1	0.91	-6.05	-2.34	0.21
0.01	-0.1	0.91	-6.63	-2.63	0.43
0	-0.11	0.91	-5.82	-1.95	0.31
0	-0.11	0.92	-5.31	-1.04	0.14
0.01	-0.11	0.9	-5.95	2.26	-1.34
-0.01	-0.1	0.91	-6.02	0.9	-0.98
0	-0.11	0.91	-5.82	1.56	-1.22
0	-0.11	0.92	-6.08	2.08	-0.93
-0.01	-0.11	0.91	-5.82	2.03	-0.85
0.01	-0.11	0.89	-6.66	1.77	-0.31
0	-0.11	0.91	-7.02	1.1	0.09
0.01	-0.11	0.91	-7.48	0.89	0.55
0.01	-0.11	0.91	-7.51	0.61	0.26
0.01	-0.11	0.91	-8.05	1.02	-0.35
0.01	-0.11	0.92	-7.36	1.18	-0.5
0	-0.11	0.92	-7.07	1.8	-0.85
0.01	-0.11	0.93	-6.64	1.59	-0.56
0.01	-0.11	0.92	-6.66	2.02	-0.64
0	-0.11	0.92	-6.9	1.66	-0.56
0.01	-0.11	0.91	-6.84	0.31	0.2
0.01	-0.1	0.92	-7.02	-0.75	0.24
0.01	-0.12	0.92	-6.61	-0.82	0.06
0.01	-0.12	0.93	-6.46	0.52	-0.53
0.01	-0.11	0.92	-6.78	0.72	-0.6
0.01	-0.11	0.93	-6.47	0.08	-0.63
0.01	-0.11	0.93	-6.35	0.27	-0.7
0	-0.11	0.94	-5.21	0.27	-0.69
-0.01	-0.11	0.93	-5.25	-0.02	-0.55
0	-0.11	0.91	-4.72	0.2	-0.34
0	-0.11	0.9	-6.2	-1.92	-0.11
0	-0.11	0.91	-6.78	-2.93	0.75
0.01	-0.11	0.9	-7.94	0.67	-0.11
0	-0.11	0.92	-7.01	0.92	0.17
0.01	-0.11	0.93	-6.35	0.55	-0.09
0.01	-0.11	0.93	-4.98	0.67	-0.63
0.01	-0.11	0.92	-4.47	1.47	-0.55
0.01	-0.11	0.91	-4.73	0.73	-0.15
0.01	-0.11	0.89	-6.17	-0.56	0.43
0.01	-0.11	0.91	-7.1	-1.25	0.15
0.02	-0.11	0.91	-7.22	-0.38	-0.31
0.01	-0.11	0.92	-7.62	1.42	-0.66
0	-0.1	0.92	-7.5	1.4	-0.34
0.01	-0.11	0.92	-7.36	0.56	-0.2
0.02	-0.11	0.92	-6.37	0.29	-0.38
0	-0.12	0.92	-6.18	-0.67	-0.23
0.01	-0.11	0.92	-5.94	-1.13	0.12
0.01	-0.11	0.91	-6.41	-0.15	-0.26
0.02	-0.11	0.9	-7.05	0.78	-0.52
0.01	-0.11	0.91	-7.92	2.24	-1.54
0	-0.11	0.91	-8	2.12	-1.22
0	-0.11	0.91	-7.88	1.02	-0.35
0.01	-0.1	0.91	-7.97	-0.15	-0.11
0.01	-0.11	0.92	-7.74	-1.07	-0.05
0.01	-0.11	0.93	-7.71	-1.28	0.03
0.01	-0.11	0.92	-6.93	-0.43	-0.41
0.01	-0.1	0.93	-6.52	1.85	-0.78
0.01	-0.11	0.93	-6.53	3.15	-0.79
0	-0.11	0.93	-6.23	3.79	-0.99
-0.01	-0.11	0.93	-5.66	2.81	-0.56
0	-0.11	0.92	-6.06	1.97	0.24
0	-0.1	0.92	-6.35	0.92	0.38
0.01	-0.11	0.91	-6.4	-1.04	0.79
0.01	-0.1	0.93	-6.56	-0.34	0.49
0.01	-0.11	0.91	-7.08	1.08	0.29
0.01	-0.1	0.92	-7.33	1.66	0.24
0.02	-0.11	0.94	-6.52	2.11	0.05
0.01	-0.11	0.92	-5.97	3.01	-0.09
0.01	-0.11	0.92	-5.48	2.53	0.17
0.01	-0.11	0.9	-6.15	0.61	0.78
0.02	-0.1	0.91	-6.55	-1.45	0.99
0.03	-0.1	0.91	-6.75	-0.02	0.08
0.02	-0.1	0.91	-7.15	0.2	-0.37
0.01	-0.12	0.9	-7.97	0.49	-0.2
0	-0.11	0.92	-8.82	0.64	0.14
0.01	-0.11	0.92	-8.26	0.44	0.47
0.02	-0.12	0.93	-7.08	1.85	-0.09
0.02	-0.11	0.92	-6.58	3.05	-0.73
0.01	-0.1	0.93	-6.37	2.05	-0.52
0.01	-0.11	0.92	-7.33	0.31	-0.24
0.01	-0.11	0.91	-8.37	1.19	-1.1
0.01	-0.1	0.92	-8.89	0.99	-1.36
0.01	-0.1	0.93	-9.04	1.76	-1.44
0.01	-0.11	0.92	-9.74	3.73	-1.91
-0.01	-0.11	0.93	-9.71	3.07	-0.76
-0.01	-0.11	0.95	-8.85	-0.2	0.14
0	-0.11	0.96	-7.19	-2.61	0.08
-0.01	-0.11	0.99	-5.3	-0.98	-1.8
0.04	-0.13	1.09	5.42	-6.21	-0.84
-0.07	-0.15	1.2	16.96	-7.63	1.02
-0.13	-0.22	1.57	45.56	2.18	2.23
-0.26	-0.25	1.65	91.3	18.55	12.15
-0.17	-0.25	1.86	148.29	-5.47	21.04
-0.38	-0.34	2.01	176.05	-61.56	36.02
-0.3	-0.42	2.1	213.01	-67.42	50.29
-0.07	-0.45	2.12	242.43	-26.99	47.83
-0.05	-0.25	1.83	224.78	-22.37	54.26
-0.09	-0.21	1.43	208.52	-39.71	59.05
-0.09	0.03	1.11	165.68	-34.34	57.47
-0.22	0.07	0.95	127.31	-32.46	55.56
0.44	0.79	0.93	66.76	40.27	156.93
-0.17	0.17	1.62	92.21	-37.76	105.6
-0.04	0.04	1.97	107.82	12.43	119.57
0.04	-0.06	2.06	115.15	-13.76	112.15
0.28	-0.01	2	102.38	-59.57	103.74
0.52	-0.02	1.86	69.76	-83.65	73.3
0.64	0	1.57	56.98	-89.66	34.05
0.84	0	1.27	53.62	-51.85	17.5
0.69	-0.01	1.06	89.05	-16.02	-0.24
0.56	-0.23	0.84	130.7	33.44	-15.19
0.39	-0.28	0.77	157.53	72.31	-9.31
0.22	-0.21	0.69	163.85	86.66	0.82
0.09	-0.2	0.51	155.24	76.79	1.54
0.1	-0.08	0.34	133.98	76.29	8.26
0.11	0.01	0.21	119.18	77.71	11.73
0.01	0.08	0.16	120.37	66.17	14.29
-0.06	0.17	0.1	130.56	44.75	14.35
-0.14	0.28	0.13	133.01	10.32	6.41
-0.2	0.25	0.17	142.32	-29.04	-0.76
-0.2	0.23	0.2	150.95	-58.26	-5.18
-0.15	0.27	0.2	159.91	-74.2	-5.44
-0.06	0.34	0.17	166.43	-70.31	-2.29
0	0.45	0.11	144	-71.42	1.5
0.13	0.56	0.06	127.42	-44.24	13.51
0.16	0.62	0.14	114.75	-10.18	21.77
0.15	0.63	0.1	105.56	17.63	27.37
0.1	0.64	0.13	91.05	28.06	23.86
0.04	0.59	0.13	81.36	30.66	21.62
-0.01	0.58	0.17	66.73	28.84	23.6
-0.11	0.58	0.18	54.02	10.89	22.92
-0.12	0.62	0.18	35.76	-13.47	21.71
-0.1	0.65	0.18	19.98	-39.18	17.19
-0.04	0.67	0.17	24.21	-53.39	20.15
-0.01	0.69	0.13	24.43	-78.11	8.03
0.05	0.74	0.11	11.51	-108.43	-11.28
0.16	0.81	0.08	-4.37	-122.43	-22.7
0.22	0.85	0.07	-19.65	-130.26	-33.62
0.26	0.88	0.09	-43.91	-126.46	-45.53
0.31	0.92	0.18	-66.26	-112.24	-44.7
0.32	0.82	0.08	-84.38	-96.76	-44.96
0.31	0.77	0.23	-73.89	-78.92	-41.91
0.33	0.72	0.21	-34.56	-61.86	-28.46
0.28	0.69	0.23	-5.91	-49.31	-18.08
0.27	0.73	0.35	-7.92	-42.98	-18.26
0.27	0.74	0.39	-5.82	-33.07	-14.49
0.33	0.6	0.1	48.85	-45.4	-14.92
0.23	0.77	0.4	62.63	-54.41	-25.39
0.32	0.82	0.36	37.95	-43.34	-21.4
0.3	0.79	0.45	32.08	-31.97	-16.41
0.37	0.73	0.56	16.12	-26.14	-24.43
0.39	0.68	0.55	22.4	-13.8	-24.63
0.34	0.66	0.56	30.15	-6.05	-23.33
0.29	0.7	0.54	32.34	-7.11	-27.08
0.26	0.73	0.51	36.15	-10.89	-31.04
0.3	0.77	0.49	33.68	-3.8	-23.92
0.27	0.77	0.49	35.27	-0.34	-19.98
0.24	0.74	0.53	36.92	-1.79	-19.77
0.23	0.75	0.53	41.59	-4.79	-21.74
0.21	0.78	0.5	43.73	-5.07	-21.08
0.19	0.77	0.5	48.64	-4.76	-17.3
0.15	0.78	0.5	49.18	-11.21	-18.75
0.17	0.82	0.47	48.52	-15.71	-19.28
0.19	0.86	0.41	47.24	-18.64	-22.75
0.21	0.92	0.39	43.15	-21.13	-27.47
0.2	0.98	0.35	37.95	-24.02	-33.15
0.19	1	0.34	31.6	-24.67	-35.77
0.18	0.96	0.35	26.76	-22.37	-33.18
0	1.02	0.56	23.83	-29.94	-37.15
0.1	0.88	0.42	18.09	-51.48	-43.65
0.19	0.79	0.45	18.44	-38.76	-32.93
0.26	0.76	0.47	25.33	-24.21	-25.28
0.27	0.83	0.4	27.97	-0.72	-10.12
0.45	0.82	0.27	47.22	41.82	5.83
0.18	0.9	0.38	48.56	47.91	11.3
0.06	0.98	0.35	24.85	10.4	-11.47
0.11	0.99	0.28	19.92	13.47	-8.73
0.05	0.95	0.34	16.82	10.87	0.41
0.07	0.89	0.34	12.99	0.05	2.53
0.12	0.9	0.31	14.12	-2.69	6
0.11	0.91	0.32	15.65	-3.69	8.12
0.13	0.94	0.3	14.95	-10.15	2.73
0.15	0.94	0.31	14.7	-19.27	-6.05
0.17	0.92	0.31	16.23	-24.32	-11.08
0.18	0.93	0.32	15.54	-25.18	-13.62
0.2	0.95	0.31	10.98	-21.37	-12.12
0.2	0.95	0.31	4.76	-14.24	-8.02
0.21	0.95	0.3	-1.59	-5.1	-1.51
0.19	0.93	0.32	-5.11	0.6	2.73
0.19	0.89	0.34	-4.73	2.31	3.19
0.16	0.85	0.38	-0.31	-0.29	1.45
0.17	0.86	0.37	2.99	-2.41	1.11
0.18	0.88	0.34	2.87	-3.79	-0.15
0.19	0.9	0.33	-0.03	-2.2	-0.09
0.19	0.91	0.31	-1.54	-0.47	0.67
0.2	0.92	0.31	-7.92	-0.96	-1.47
0.22	0.91	0.31	-9.48	4.89	1.47
0.18	0.88	0.33	-9.63	7.92	2.73
0.17	0.87	0.32	-10.4	7.95	2.58
0.15	0.88	0.33	-8.38	7.95	3.79
0.14	0.85	0.36	-4.76	7.27	5.79
0.13	0.85	0.36	-2.18	3.62	5.39
0.14	0.88	0.34	-0.82	0.43	6.2
0.18	0.9	0.34	-0.72	-2.09	4.26
0.21	0.92	0.31	-5.85	-1.21	1.21
0.22	0.93	0.3	-10.31	2.73	1.44
0.2	0.91	0.3	-14	6.93	2.9
0.19	0.88	0.31	-14.67	9.16	3.8
0.17	0.87	0.32	-13.66	5.65	1.8
0.16	0.87	0.33	-12.32	1.56	0.67
0.16	0.84	0.36	-8.5	-0.99	0.95
0.18	0.84	0.36	-5.92	-2.34	1.28
0.18	0.86	0.34	-4.34	-2.58	1.74
0.2	0.9	0.33	-4.56	-2.49	1.51
0.21	0.92	0.3	-7.89	-1.02	0.98
0.22	0.93	0.3	-11.28	1.18	1.16
0.21	0.92	0.3	-14.66	3.08	1.3
0.19	0.9	0.32	-16.09	4.63	2.08
0.18	0.87	0.34	-16.21	4.56	3.27
0.16	0.86	0.36	-15.27	2.5	2.49
0.15	0.83	0.37	-11.73	-0.92	1.5
0.16	0.84	0.38	-8.96	-3.83	0.9
0.15	0.85	0.38	-6.78	-6.7	-0.2
0.18	0.88	0.36	-6.82	-7.42	-1.01
0.18	0.89	0.35	-7.5	-4.85	0.79
0.19	0.89	0.33	-9.01	-2.41	2.05
0.19	0.88	0.33	-9.53	1.31	3.85
0.18	0.88	0.33	-9.5	2.47	5.28
0.17	0.87	0.33	-8.5	0.02	4.32
0.18	0.86	0.33	-7.21	-1.57	4.21
0.18	0.87	0.33	-6.66	-2.08	4.67
0.18	0.88	0.34	-7.02	-2.92	4.6
0.2	0.89	0.33	-8.18	-3.01	4.23
0.21	0.89	0.33	-9.54	-2.05	3.97
0.24	0.89	0.33	-10.89	0.89	4.89
0.23	0.89	0.33	-11.6	3.05	3.73
0.23	0.88	0.34	-12.23	4.63	2.4
0.22	0.87	0.34	-12	6.35	2.15
0.2	0.86	0.35	-10.63	6.5	2.24
0.19	0.84	0.36	-8.95	5.28	2.02
0.19	0.85	0.36	-7.79	4.69	2.23
0.19	0.86	0.36	-6.99	3.54	1.77
0.2	0.86	0.36	-5.74	3.44	2.26
0.2	0.87	0.35	-6.03	3.27	1.92
0.21	0.88	0.35	-7.16	4.41	1.54
0.22	0.88	0.34	-8.2	5.65	1.24
0.19	0.88	0.34	-9.47	6.55	2.02
0.18	0.87	0.35	-9.94	5.1	1.16
0.18	0.87	0.34	-8.81	3.56	0.92
0.18	0.86	0.36	-8.09	2.23	1.3
0.19	0.86	0.36	-7.22	0.52	1.11
0.2	0.87	0.36	-7.21	-0.64	0.92
0.2	0.87	0.35	-7.56	-0.35	0.09
0.21	0.87	0.36	-8.14	0.6	0.02
0.2	0.87	0.34	-9.37	0.99	0.11
0.2	0.87	0.35	-9.59	1.83	-0.05
0.2	0.86	0.35	-8.93	3.39	0.81
0.2	0.86	0.35	-8.96	2.87	0.98
0.2	0.87	0.35	-8.81	1.11	0.02
0.2	0.87	0.36	-8.99	0.64	-0.24
0.2	0.87	0.35	-9.15	0.34	-0.63
0.2	0.88	0.35	-9.88	0.82	0.23
0.2	0.87	0.35	-9.8	1.25	0.24
0.2	0.87	0.35	-10.64	2.06	0.29
0.2	0.87	0.35	-10.5	3.34	1.45
0.19	0.87	0.35	-11.16	2.14	0.29
0.2	0.87	0.35	-10.9	1.86	0.21
0.19	0.86	0.36	-10.21	0.37	-0.69
0.2	0.86	0.36	-9.68	0.18	-0.78
0.2	0.87	0.35	-9.54	1.1	0.29
0.19	0.87	0.36	-9.71	1.05	0.06
0.19	0.86	0.36	-9.18	2.44	1.69
0.2	0.86	0.35	-8.89	2.93	2.47
0.2	0.87	0.34	-8.99	1.92	1.76
0.21	0.88	0.34	-9.89	2.21	1.74
0.22	0.89	0.34	-11.11	2.58	1.59
0.21	0.88	0.35	-12.27	3.89	2.05
0.2	0.86	0.36	-11.33	3.44	0.85
0.2	0.86	0.37	-9.73	2.98	1.1
0.19	0.85	0.37	-9.27	2.18	0.92
0.2	0.85	0.38	-8.9	1.16	0.7
0.2	0.85	0.38	-8.67	1.39	0.85
0.21	0.85	0.38	-8.6	2.47	1.73
0.21	0.85	0.39	-9.07	3.45	2.15
0.2	0.85	0.38	-9.07	3.91	1.95
0.19	0.85	0.37	-8.95	3.27	1.57
0.19	0.85	0.38	-8.6	2.11	1.69
0.19	0.84	0.37	-7.16	0.44	1.05
0.2	0.84	0.38	-5.22	1.19	1.92
0.21	0.85	0.36	-4.38	0.64	1.57
0.22	0.87	0.35	-5.44	0.76	0.76
0.22	0.88	0.34	-6.85	1.56	0.03
0.21	0.88	0.35	-8.21	1.15	-0.96
0.21	0.88	0.36	-9.54	1.36	-0.69
0.2	0.86	0.35	-10.35	1.47	-1.08
0.2	0.86	0.37	-10.47	2.26	-0.82
0.19	0.84	0.37	-9.19	2.35	-0.26
0.19	0.84	0.38	-7.66	1.69	-0.37
0.19	0.85	0.37	-6.66	1.42	0.09
0.19	0.86	0.37	-6.29	0.92	0.37
0.21	0.86	0.37	-5.97	1.13	0.52
0.22	0.86	0.37	-6.55	1.76	-0.05
0.21	0.86	0.38	-6.98	1.79	-0.64
0.22	0.86	0.37	-6.47	2.72	-0.93
0.22	0.86	0.38	-6	4.43	-1.02
0.21	0.87	0.36	-6.84	6.24	-0.53
0.2	0.88	0.35	-7.66	6.96	-0.18
0.19	0.89	0.35	-9.3	6.05	-0.37
0.18	0.87	0.36	-10.14	5.79	0.18
0.17	0.86	0.37	-9.47	3.77	-0.38
0.18	0.85	0.37	-8	3.18	0.02
0.17	0.85	0.38	-6.53	2.44	0.66
0.2	0.86	0.39	-6.32	2.44	0.7
0.2	0.88	0.37	-7.54	2.56	0.58
0.2	0.88	0.37	-8.67	3.01	0.14
0.21	0.86	0.38	-9.37	4.24	0.92
0.19	0.86	0.38	-9.31	4.73	1.42
0.19	0.85	0.39	-9.39	4.32	0.95
0.19	0.85	0.38	-8.44	3.82	1.83
0.2	0.85	0.38	-7.63	3.07	2.08
0.2	0.85	0.38	-7.16	2.81	1.91
0.21	0.86	0.38	-7.48	2.79	1.34
0.21	0.86	0.36	-8.24	2.92	0.67
0.21	0.87	0.36	-8.85	3.68	0.44
