acce_x	 acce_y	 acce_z	gyro_x	gyro_y	gyro_z
-0.04	-0.27	0.89	-6.63	-0.61	-0.23
-0.04	-0.27	0.9	-6.24	0.38	-0.21
-0.04	-0.27	0.89	-6.61	1.19	0.11
-0.04	-0.27	0.89	-7.02	2.03	0.47
-0.04	-0.27	0.88	-7.27	1.79	0.41
-0.04	-0.27	0.88	-6.92	1.21	-0.05
-0.04	-0.27	0.87	-6.11	0.38	-0.18
-0.04	-0.27	0.89	-6.41	-0.76	-0.34
-0.04	-0.27	0.88	-6.52	-0.38	-0.03
-0.03	-0.28	0.89	-6.6	1.08	0.38
-0.03	-0.28	0.89	-6.82	1.65	0.46
-0.03	-0.27	0.89	-6.84	0.98	-0.29
-0.04	-0.27	0.89	-6.27	0.6	-0.21
-0.04	-0.26	0.88	-5.91	-0.17	-0.11
-0.03	-0.26	0.89	-6	-0.89	-0.69
-0.03	-0.27	0.89	-5.4	-0.06	-0.6
-0.03	-0.27	0.9	-5.65	0.79	-0.66
-0.03	-0.27	0.89	-6	1.04	-0.7
-0.04	-0.27	0.88	-6.02	0.92	-0.93
-0.04	-0.27	0.88	-5.95	0.23	-1.34
-0.04	-0.27	0.89	-5.36	-0.38	-0.99
-0.04	-0.27	0.87	-5.77	-0.4	-0.63
-0.04	-0.26	0.88	-6.32	-0.47	-0.5
-0.04	-0.27	0.88	-6.9	-0.87	-0.61
-0.03	-0.27	0.88	-6.38	-0.52	-1.1
-0.03	-0.27	0.89	-6.18	0.11	-1.13
-0.04	-0.28	0.9	-5.28	0.72	-1.34
-0.03	-0.27	0.9	-4.43	0.61	-1.24
-0.04	-0.27	0.89	-4.53	0.9	-0.92
-0.05	-0.26	0.88	-5.27	0.76	-0.73
-0.04	-0.26	0.87	-6.11	1.15	-0.46
-0.04	-0.27	0.88	-6.12	0.95	-0.31
-0.03	-0.27	0.88	-5.97	0.37	-0.99
-0.04	-0.28	0.9	-6.44	0.52	-0.85
-0.04	-0.27	0.9	-6.4	0.89	-0.64
-0.04	-0.27	0.9	-6.17	0.75	-0.52
-0.03	-0.28	0.9	-5.22	1.62	-0.41
-0.03	-0.28	0.87	-5.4	1.47	-0.56
-0.04	-0.27	0.88	-5.34	0.85	-0.56
-0.04	-0.27	0.87	-6.17	0.2	-0.56
-0.04	-0.27	0.88	-6.61	-0.11	-0.81
-0.05	-0.26	0.87	-6.81	-0.72	-0.37
-0.04	-0.27	0.88	-6.78	-0.78	0.02
-0.03	-0.27	0.87	-6.87	-0.21	-0.06
-0.02	-0.27	0.88	-6.49	0.84	-0.18
-0.03	-0.27	0.88	-6.29	1.11	-0.61
-0.03	-0.27	0.88	-6.52	0.63	-0.99
-0.03	-0.26	0.88	-6.27	0.7	-1.19
-0.04	-0.27	0.88	-6.85	-0.17	-0.84
-0.03	-0.26	0.88	-6.79	1.5	-0.58
-0.02	-0.26	0.89	-6.41	2.6	-0.4
-0.03	-0.27	0.89	-6.11	2.47	-0.81
-0.04	-0.26	0.87	-5.77	2.27	-0.93
-0.05	-0.26	0.86	-5.91	1.36	-0.72
-0.05	-0.26	0.85	-6.43	0.14	-0.75
-0.05	-0.26	0.85	-7.04	-0.46	-0.78
-0.04	-0.26	0.86	-7.36	-0.18	-1.28
-0.04	-0.26	0.88	-8.05	-1.24	-1.4
-0.03	-0.26	0.88	-7.5	0.41	-0.82
-0.03	-0.27	0.9	-7.6	1.62	-1.13
-0.03	-0.26	0.9	-7.04	1.83	-1.07
-0.03	-0.26	0.88	-6.27	2.52	-0.87
-0.03	-0.25	0.86	-6.43	2.31	-1.24
-0.04	-0.25	0.86	-6.5	1.3	-1.91
-0.06	-0.25	0.86	-6.21	-0.47	-1.68
-0.05	-0.25	0.87	-5.36	0.08	-1.36
-0.06	-0.25	0.88	-5.86	0.49	-1.39
-0.06	-0.26	0.87	-6.21	-0.08	-1.01
-0.05	-0.26	0.89	-7.13	-0.95	-0.92
-0.04	-0.27	0.9	-7.45	-0.85	-0.75
-0.04	-0.27	0.92	-6.02	0.23	-0.58
-0.05	-0.28	0.93	-3.18	1.62	-0.18
-0.06	-0.28	0.9	-1.15	5.44	2.14
-0.09	-0.26	0.91	0.78	0.05	3.89
-0.11	-0.26	0.88	2.44	0.32	6.17
-0.12	-0.25	0.85	2.18	-0.73	8.87
-0.17	-0.25	0.82	2.46	-5.1	12.44
-0.2	-0.24	0.8	3.53	-3.4	19.92
-0.27	-0.24	0.78	0.55	2.6	31.34
-0.39	-0.24	0.77	-1.05	2.44	50.18
-0.47	-0.26	0.78	-0.92	-1.36	75.18
-0.51	-0.26	0.81	-2.63	-19.65	98.08
-0.46	-0.31	0.77	-2.06	-35.91	117.11
-0.43	-0.27	0.72	2.32	-22.46	134.61
-0.57	-0.3	0.61	2.53	13.77	151.76
-0.7	-0.31	0.55	-9.39	7.77	170.11
-0.73	-0.41	0.6	-18.18	-8.49	186.84
-0.84	-0.46	0.57	-28.37	-24.29	210.69
-0.84	-0.54	0.61	-37.8	-3.36	237.86
-0.83	-0.59	0.63	-60.69	28.37	257.45
-0.94	-0.62	0.56	-69.68	35.91	285.76
-0.95	-0.66	0.56	-84.72	31.05	308.89
-0.85	-0.71	0.6	-101.04	14.12	310.61
-0.81	-0.78	0.65	-102.12	-24.7	300.63
-0.85	-0.83	0.72	-102.56	-66.14	301.5
-0.93	-0.9	0.69	-101.21	-85.13	313.36
-0.92	-0.99	0.67	-101.3	-82.7	337.95
-0.7	-1.04	0.65	-103.85	-45.25	346.92
-0.56	-0.94	0.57	-112.4	-22.2	343.44
-0.65	-0.9	0.35	-126.89	-29.73	340.89
-0.72	-0.95	0.36	-146.89	-34.85	348.15
-0.87	-1.01	0.44	-160.37	-78	347.47
-0.76	-1.13	0.41	-167.44	-129.69	338.64
-0.74	-1.28	0.59	-164.37	-178.18	330.5
-0.65	-1.35	0.7	-154.92	-211.57	336.08
-0.28	-1.35	0.7	-148.69	-197.62	343.08
0.04	-1.29	0.72	-145.37	-141.86	343.31
0.17	-1.21	0.7	-142.38	-77.37	332.98
0.08	-1.15	0.63	-138.93	-46.41	323.16
-0.05	-1.17	0.57	-141.95	-20.5	312.7
-0.25	-1.19	0.56	-145.08	-14.98	307.79
-0.38	-1.2	0.57	-142.95	-46.61	304.99
-0.28	-1.21	0.52	-140.56	-85.69	302.6
-0.02	-1.22	0.57	-142.55	-104.87	291.62
0.16	-1.25	0.66	-127.71	-119.01	276.26
0.31	-1.19	0.67	-117.48	-122.34	264.61
0.46	-1.11	0.58	-110.73	-109.16	253.37
0.42	-0.98	0.55	-113.33	-96.64	250.38
0.56	-1.04	0.55	-113.54	-81.34	226.15
0.35	-1.06	0.66	-103.71	-94.85	210.81
0.36	-1.04	0.69	-100.15	-105.76	201.05
0.5	-0.98	0.75	-94.06	-107.62	180.37
0.58	-0.93	0.88	-92.92	-90.11	163.98
0.65	-0.92	1.04	-86.52	-58.41	148.76
0.66	-0.83	1.11	-72.95	-40.87	130.05
0.68	-0.75	1.12	-55.79	-14.06	109.76
0.51	-0.72	1.05	-40.95	2.11	90.47
0.24	-0.68	1.02	-32.05	5.05	76.61
-0.02	-0.67	0.99	-18.2	-19.79	66
-0.2	-0.61	0.92	-6.69	-46.15	61.91
-0.23	-0.53	0.83	-3.5	-60.95	60.72
-0.25	-0.48	0.8	-1.19	-71.76	58.02
-0.24	-0.48	0.75	19.28	-121.82	54.21
-0.09	-0.41	0.7	-5.18	-85.82	51.22
-0.14	-0.52	0.75	3.19	-52.41	53.77
-0.19	-0.54	0.79	33.19	-78.37	44.67
-0.1	-0.48	0.79	39.42	-69.16	44.35
-0.1	-0.44	0.77	14.53	-38.06	41.51
-0.1	-0.47	0.78	8.09	-26.78	36.44
-0.09	-0.47	0.79	-5.4	-6.75	30.29
-0.18	-0.48	0.88	-17.94	-10.98	25.92
-0.11	-0.48	0.8	-20.87	8.26	23.27
-0.14	-0.45	0.78	-16.84	6	24.73
-0.11	-0.45	0.72	-10.93	6.7	23.19
-0.18	-0.44	0.71	-9.68	0.87	19.05
-0.18	-0.44	0.69	-11.24	-0.75	17.37
-0.23	-0.43	0.67	-12.49	-3.98	11.45
-0.29	-0.46	0.7	-12.67	-10.9	10.34
-0.34	-0.44	0.74	-10.61	-16.96	9.85
-0.35	-0.47	0.74	-7.44	-21.6	9.66
-0.34	-0.43	0.77	-6.82	-23.77	9.6
-0.29	-0.45	0.76	-7.18	-24.38	10.08
-0.29	-0.43	0.78	-7.65	-22.14	9.97
-0.26	-0.43	0.79	-7.56	-23.22	8.2
-0.28	-0.41	0.79	-8.14	-23.07	7.92
-0.27	-0.39	0.77	-8.7	-25.42	8.79
-0.23	-0.41	0.78	-9.92	-23.69	9.19
-0.22	-0.44	0.77	-10.52	-20.24	8.99
-0.23	-0.44	0.83	-10.5	-23.16	7.45
-0.19	-0.46	0.85	-6.44	-25.76	6
-0.17	-0.45	0.87	-4.75	-22.32	4.2
-0.17	-0.45	0.85	0.15	-19.59	1.31
-0.18	-0.43	0.82	-0.2	-16.87	0.18
-0.23	-0.41	0.79	0.64	-11.59	-0.03
-0.24	-0.4	0.78	0.35	-9.31	-0.6
-0.25	-0.37	0.74	-2.81	-8.09	-0.23
-0.21	-0.39	0.74	-3.83	-3.44	0.02
-0.23	-0.39	0.74	-8.05	-3.33	-0.9
-0.25	-0.41	0.78	-10.08	-2.61	-0.29
-0.27	-0.42	0.81	-10.11	-3.85	0.9
-0.26	-0.41	0.82	-9.53	-6.32	1.08
-0.22	-0.4	0.8	-9.82	-6.49	1.3
-0.21	-0.41	0.78	-11.1	-5.34	0
-0.2	-0.42	0.83	-10.29	-6.95	-0.7
-0.19	-0.43	0.82	-8.05	-7.21	-2.05
-0.17	-0.42	0.8	-7.68	-3.68	-2.43
-0.18	-0.41	0.8	-7.56	0.84	-3.31
-0.22	-0.41	0.79	-6.87	-2.2	-4.81
-0.26	-0.42	0.82	-5.47	-6.08	-5.37
-0.25	-0.42	0.82	-5.74	-7.51	-5.8
-0.28	-0.42	0.85	-5.65	-11.42	-3.57
-0.23	-0.42	0.83	-3.59	-12.49	-3.65
-0.2	-0.41	0.84	-2.69	-14.32	-4.34
-0.18	-0.41	0.82	-4.27	-9.69	-5.02
-0.18	-0.41	0.79	-3.82	-7.16	-4.4
-0.19	-0.39	0.78	-4.87	0.61	-3.19
-0.21	-0.4	0.76	-6.72	4.93	-2.31
-0.22	-0.4	0.77	-6.52	4.63	-1.92
-0.23	-0.4	0.77	-7.62	4.11	-1.25
-0.23	-0.43	0.78	-8.46	5.74	-0.29
-0.22	-0.43	0.83	-7.24	4.38	0.08
-0.2	-0.42	0.85	-6	0.35	-0.53
-0.19	-0.42	0.85	-6.21	0.23	-1.13
-0.18	-0.41	0.85	-5.97	-0.9	-2.26
-0.18	-0.4	0.83	-6.24	-1.8	-3.65
-0.18	-0.41	0.84	-6.15	-0.6	-4.58
